 133, 138, 140, 140, 141, 134, 129, 125, 119, 110, 108, 105, 105, 108, 112, 116, 123, 127, 131, 133, 134, 135, 133, 134, 133, 137, 137, 143, 142, 145, 140, 134, 125, 122, 111, 105, 104, 101, 104, 109, 115, 121, 128, 131, 135, 134, 136, 134, 134, 134, 137, 139, 145, 144, 147, 138, 132, 125, 116, 106, 103, 102, 98, 103, 108, 116, 120, 130, 130, 136, 133, 138, 135, 141, 140, 147, 149, 148, 146, 136, 132, 115, 109, 99, 103, 99, 100, 104, 111, 120, 127, 130, 134, 136, 136, 138, 143, 143, 153, 148, 
  155, 141, 138, 126, 109, 109, 93, 105, 92, 103, 102, 119, 120, 132, 133, 139, 138, 139, 145, 145, 156, 148, 159, 137, 141, 116, 115, 98, 97, 91, 96, 99, 108, 114, 124, 131, 135, 143, 138, 149, 147, 161, 150, 165, 141, 146, 120, 115, 99, 87, 95, 90, 102, 109, 115, 123, 131, 138, 143, 144, 152, 153, 161, 154, 159, 140, 135, 110, 109, 92, 89, 85, 90, 99, 107, 119, 126, 139, 140, 150, 152, 159, 157, 161, 162, 143, 134, 117, 104, 101, 79, 89, 83, 101, 101, 122, 121, 140, 140, 151, 
  155, 162, 167, 159, 167, 132, 143, 104, 112, 79, 93, 80, 95, 98, 105, 123, 124, 146, 140, 166, 147, 177, 155, 180, 133, 146, 111, 104, 91, 78, 94, 78, 113, 94, 131, 118, 148, 138, 162, 157, 173, 166, 168, 144, 132, 116, 92, 95, 70, 95, 81, 113, 101, 132, 128, 144, 152, 156, 171, 158, 174, 150, 136, 120, 99, 97, 81, 84, 88, 101, 110, 117, 139, 136, 158, 151, 169, 168, 162, 162, 127, 119, 93, 94, 80, 81, 94, 93, 115, 110, 139, 134, 160, 154, 168, 174, 155, 168, 118, 128, 
  89, 94, 83, 78, 104, 91, 121, 115, 144, 141, 158, 161, 166, 175, 150, 157, 122, 121, 85, 89, 83, 80, 109, 92, 124, 120, 146, 152, 158, 164, 169, 167, 155, 140, 113, 106, 76, 90, 74, 98, 103, 109, 133, 133, 152, 153, 158, 169, 166, 156, 153, 115, 119, 83, 88, 88, 81, 113, 97, 131, 131, 146, 159, 153, 165, 166, 155, 155, 124, 112, 96, 77, 89, 75, 109, 108, 123, 135, 137, 159, 155, 160, 170, 159, 156, 141, 110, 104, 73, 90, 78, 91, 118, 103, 135, 134, 151, 161, 150, 175, 
  160, 155, 151, 110, 120, 79, 79, 95, 78, 119, 111, 125, 140, 138, 164, 150, 160, 172, 149, 160, 124, 112, 102, 67, 91, 77, 105, 115, 110, 146, 138, 154, 164, 148, 174, 156, 152, 142, 98, 112, 76, 87, 98, 90, 121, 109, 130, 145, 142, 161, 152, 159, 170, 142, 140, 113, 102, 93, 77, 94, 96, 108, 119, 123, 141, 148, 149, 157, 151, 164, 153, 144, 127, 108, 98, 80, 96, 95, 108, 115, 119, 137, 145, 146, 153, 151, 156, 159, 145, 140, 106, 105, 91, 83, 100, 100, 109, 117, 128, 143, 
  150, 150, 153, 149, 157, 150, 143, 125, 108, 104, 87, 92, 102, 108, 106, 122, 131, 139, 150, 149, 152, 153, 154, 151, 144, 117, 112, 102, 85, 98, 103, 103, 111, 124, 132, 139, 150, 147, 141, 155, 147, 146, 150, 122, 112, 112, 94, 92, 111, 103, 103, 121, 132, 132, 144, 147, 139, 153, 154, 140, 149, 137, 104, 120, 105, 91, 113, 114, 101, 113, 127, 124, 138, 141, 133, 141, 150, 143, 143, 148, 137, 116, 119, 113, 98, 104, 114, 103, 105, 127, 126, 132, 138, 134, 134, 143, 143, 145, 143, 145, 
  138, 117, 121, 119, 105, 104, 116, 106, 102, 124, 128, 129, 134, 132, 136, 138, 142, 140, 138, 145, 138, 132, 124, 121, 113, 111, 110, 110, 109, 108, 120, 124, 128, 125, 132, 137, 138, 142, 142, 138, 137, 142, 134, 129, 123, 117, 114, 112, 112, 111, 111, 110, 118, 123, 126, 127, 132, 136, 136, 141, 138, 137, 141, 140, 136, 132, 126, 121, 118, 116, 113, 113, 113, 110, 114, 119, 123, 126, 128, 132, 133, 139, 139, 137, 137, 135, 136, 134, 133, 128, 122, 120, 116, 115, 116, 113, 116, 115, 117, 120, 
  125, 129, 130, 131, 132, 137, 138, 139, 135, 134, 133, 133, 131, 127, 125, 122, 118, 118, 117, 116, 118, 118, 118, 119, 123, 124, 128, 131, 130, 131, 134, 134, 134, 135, 133, 131, 131, 132, 130, 127, 125, 121, 120, 118, 118, 118, 119, 119, 118, 120, 122, 126, 128, 130, 131, 133, 134, 134, 134, 136, 133, 131, 132, 130, 130, 128, 127, 124, 121, 119, 119, 118, 118, 120, 120, 121, 122, 123, 125, 128, 128, 128, 131, 131, 132, 132, 132, 132, 129, 129, 129, 129, 129, 128, 127, 126, 124, 122, 120, 120, 
  119, 119, 120, 120, 122, 123, 125, 126, 127, 128, 130, 131, 131, 132, 133, 134, 133, 131, 130, 128, 127, 127, 125, 125, 125, 125, 124, 123, 123, 123, 122, 122, 123, 123, 123, 124, 125, 125, 126, 127, 127, 127, 129, 129, 130, 130, 130, 131, 131, 131, 130, 129, 128, 128, 127, 127, 127, 126, 125, 125, 125, 123, 123, 123, 123, 123, 123, 124, 124, 125, 125, 126, 127, 127, 128, 128, 129, 129, 130, 130, 130, 130, 130, 129, 129, 128, 127, 127, 126, 126, 126, 126, 125, 125, 125, 125, 124, 124, 124, 124, 
  124, 124, 124, 124, 124, 125, 125, 125, 125, 126, 127, 127, 129, 129, 129, 130, 131, 131, 130, 129, 129, 129, 128, 127, 127, 126, 126, 125, 125, 125, 125, 125, 125, 125, 125, 125, 125, 125, 125, 125, 125, 125, 125, 126, 125, 126, 126, 127, 127, 127, 127, 128, 128, 129, 129, 129, 129, 129, 129, 128, 128, 127, 127, 127, 126, 126, 126, 125, 125, 125, 125, 125, 125, 125, 125, 126, 125, 126, 125, 126, 125, 126, 125, 126, 125, 127, 126, 128, 126, 129, 127, 130, 124, 123, 129, 150, 127, 115, 145, 110, 
  134, 136, 118, 122, 143, 121, 127, 132, 102, 149, 112, 124, 133, 107, 134, 116, 127, 128, 121, 116, 108, 135, 113, 139, 134, 126, 141, 103, 140, 122, 124, 149, 134, 140, 127, 117, 122, 135, 126, 127, 123, 130, 130, 127, 137, 123, 122, 112, 106, 107, 105, 114, 116, 126, 134, 130, 136, 132, 130, 127, 128, 130, 134, 128, 140, 142, 143, 159, 141, 153, 135, 136, 131, 118, 114, 92, 98, 78, 97, 103, 111, 134, 136, 146, 144, 138, 125, 113, 109, 105, 118, 124, 141, 158, 158, 168, 156, 151, 144, 131, 
  134, 125, 125, 127, 88, 101, 87, 75, 106, 95, 131, 134, 136, 149, 129, 124, 105, 99, 107, 116, 137, 151, 164, 170, 160, 157, 146, 135, 139, 135, 141, 141, 137, 96, 86, 74, 53, 107, 109, 143, 167, 143, 150, 122, 92, 89, 89, 110, 148, 158, 173, 171, 153, 142, 130, 127, 135, 147, 160, 160, 149, 139, 53, 51, 58, 39, 132, 149, 168, 187, 130, 104, 89, 54, 89, 130, 146, 191, 172, 142, 145, 112, 115, 143, 145, 169, 178, 162, 155, 122, 104, 66, 46, 85, 84, 149, 185, 146, 134, 95, 
  56, 87, 113, 135, 177, 160, 137, 129, 103, 117, 151, 149, 170, 169, 149, 145, 136, 130, 144, 138, 131, 57, 42, 97, 76, 147, 177, 127, 120, 102, 66, 111, 142, 131, 158, 142, 112, 125, 124, 129, 159, 155, 151, 156, 144, 138, 151, 147, 146, 144, 107, 40, 60, 104, 102, 168, 181, 108, 88, 87, 76, 138, 184, 150, 124, 102, 80, 118, 164, 164, 153, 142, 125, 128, 149, 152, 157, 170, 156, 124, 111, 57, 25, 107, 148, 153, 180, 118, 40, 69, 119, 148, 200, 179, 89, 54, 77, 128, 186, 196, 
  138, 97, 113, 134, 159, 177, 166, 150, 152, 127, 109, 108, 30, 76, 179, 143, 143, 139, 51, 39, 143, 171, 164, 168, 94, 33, 81, 166, 184, 173, 138, 76, 96, 169, 171, 161, 168, 140, 129, 145, 139, 115, 29, 60, 174, 151, 137, 134, 56, 36, 144, 191, 160, 148, 92, 36, 88, 190, 187, 141, 125, 87, 104, 177, 176, 147, 158, 146, 126, 132, 145, 79, 21, 137, 185, 128, 135, 96, 32, 97, 196, 174, 137, 113, 61, 60, 161, 209, 146, 117, 111, 102, 150, 184, 153, 148, 156, 136, 111, 135, 
  92, 30, 132, 184, 125, 115, 109, 57, 94, 187, 169, 120, 110, 87, 75, 152, 196, 133, 107, 125, 121, 142, 172, 152, 141, 160, 139, 108, 109, 58, 82, 166, 154, 113, 102, 89, 88, 154, 177, 127, 98, 103, 95, 120, 175, 161, 110, 118, 133, 138, 159, 160, 141, 149, 149, 116, 105, 66, 90, 162, 145, 109, 102, 90, 95, 154, 169, 125, 99, 104, 102, 119, 163, 158, 118, 124, 132, 132, 158, 160, 141, 148, 145, 113, 101, 80, 122, 168, 122, 100, 103, 92, 114, 161, 150, 108, 106, 115, 107, 123, 
  159, 141, 120, 137, 132, 135, 156, 152, 144, 155, 127, 102, 75, 94, 167, 149, 101, 95, 96, 106, 149, 158, 117, 98, 115, 114, 120, 154, 143, 117, 135, 141, 138, 155, 148, 138, 153, 134, 111, 79, 89, 162, 145, 105, 105, 97, 103, 147, 155, 114, 105, 117, 106, 125, 159, 133, 122, 138, 134, 137, 155, 143, 141, 148, 117, 104, 80, 114, 165, 122, 105, 104, 97, 123, 159, 136, 105, 112, 105, 112, 158, 149, 117, 127, 136, 139, 151, 146, 134, 149, 131, 112, 90, 103, 157, 133, 108, 110, 97, 110, 
  153, 147, 112, 116, 100, 103, 160, 153, 121, 129, 133, 138, 151, 141, 131, 149, 133, 120, 92, 91, 154, 137, 115, 119, 93, 101, 148, 147, 119, 120, 96, 102, 162, 149, 121, 132, 125, 134, 155, 140, 129, 147, 132, 125, 95, 89, 147, 135, 119, 124, 96, 99, 143, 146, 125, 127, 96, 96, 157, 153, 131, 132, 118, 132, 152, 139, 132, 139, 128, 131, 123, 81, 122, 142, 115, 134, 114, 90, 123, 145, 127, 137, 117, 87, 133, 151, 135, 141, 125, 119, 143, 140, 134, 137, 130, 129, 134, 116, 93, 122, 
  128, 122, 135, 113, 102, 123, 129, 128, 141, 114, 105, 134, 134, 138, 146, 126, 126, 136, 132, 137, 136, 127, 133, 134, 127, 109, 106, 122, 124, 129, 130, 116, 110, 119, 122, 128, 129, 127, 127, 128, 131, 133, 134, 137, 135, 130, 129, 126, 129, 133, 132, 127, 117, 110, 117, 122, 124, 128, 125, 120, 122, 123, 120, 125, 131, 130, 130, 130, 126, 128, 131, 131, 130, 128, 127, 127, 128, 128, 127, 127, 125, 123, 123, 123, 121, 122, 125, 123, 123, 124, 125, 126, 129, 129, 129, 129, 129, 129, 132, 132, 
  131, 129, 128, 128, 127, 127, 125, 124, 123, 121, 121, 121, 121, 123, 124, 124, 125, 126, 127, 129, 129, 128, 128, 127, 128, 129, 129, 129, 128, 128, 128, 128, 128, 127, 127, 127, 127, 126, 126, 125, 124, 124, 123, 122, 122, 123, 125, 126, 127, 128, 128, 129, 130, 129, 129, 129, 128, 128, 128, 128, 127, 127, 126, 125, 125, 123, 122, 123, 123, 124, 125, 126, 127, 128, 128, 129, 129, 129, 131, 131, 130, 130, 128, 128, 129, 128, 128, 125, 125, 123, 123, 124, 123, 122, 122, 122, 123, 125, 127, 127, 
  127, 126, 125, 126, 128, 130, 130, 130, 130, 130, 130, 128, 127, 127, 125, 126, 126, 126, 125, 125, 123, 121, 121, 120, 121, 122, 124, 125, 125, 126, 128, 130, 131, 131, 131, 130, 131, 131, 131, 130, 130, 130, 128, 126, 123, 121, 120, 120, 120, 121, 123, 125, 126, 128, 128, 128, 128, 128, 127, 128, 129, 130, 130, 132, 132, 131, 130, 127, 127, 128, 128, 127, 126, 124, 121, 121, 119, 119, 119, 120, 122, 123, 124, 124, 125, 126, 129, 130, 131, 132, 133, 133, 133, 132, 131, 131, 130, 128, 124, 123, 
  118, 117, 117, 116, 117, 121, 123, 124, 127, 126, 126, 127, 128, 129, 131, 134, 134, 135, 135, 135, 135, 132, 131, 126, 123, 121, 118, 117, 117, 117, 118, 120, 123, 124, 125, 125, 125, 128, 129, 130, 133, 135, 135, 136, 136, 136, 135, 134, 129, 123, 121, 119, 114, 114, 118, 115, 118, 121, 122, 123, 124, 125, 125, 128, 129, 131, 133, 136, 137, 138, 138, 137, 135, 131, 123, 121, 117, 112, 113, 115, 115, 116, 121, 121, 122, 125, 125, 125, 128, 130, 131, 134, 137, 139, 139, 140, 138, 136, 130, 124, 
  122, 116, 112, 114, 114, 114, 117, 122, 122, 122, 125, 125, 126, 129, 131, 134, 138, 141, 141, 142, 142, 139, 136, 127, 122, 117, 112, 111, 112, 112, 112, 118, 120, 121, 123, 125, 126, 128, 131, 134, 136, 139, 142, 143, 144, 141, 139, 131, 124, 120, 111, 109, 111, 111, 109, 115, 119, 120, 121, 124, 125, 126, 130, 134, 137, 140, 144, 145, 146, 143, 140, 131, 124, 119, 110, 108, 108, 109, 109, 114, 119, 120, 120, 124, 126, 127, 130, 137, 138, 141, 146, 148, 148, 145, 141, 130, 124, 116, 108, 106, 
  107, 107, 108, 114, 118, 120, 120, 123, 127, 127, 130, 137, 140, 143, 148, 151, 149, 146, 139, 129, 120, 111, 106, 104, 106, 106, 109, 115, 119, 119, 120, 125, 128, 127, 134, 141, 142, 147, 153, 154, 147, 142, 132, 123, 112, 105, 104, 104, 106, 108, 114, 118, 118, 119, 124, 128, 126, 135, 146, 147, 151, 163, 156, 141, 133, 123, 121, 113, 98, 102, 113, 101, 98, 118, 123, 96, 112, 150, 131, 146, 162, 151, 166, 186, 167, 139, 91, 53, 111, 125, 118, 137, 88, 70, 117, 123, 154, 156, 87, 111, 
  125, 125, 176, 164, 157, 171, 152, 118, 117, 81, 89, 140, 107, 136, 124, 77, 119, 128, 137, 145, 93, 116, 124, 129, 170, 156, 166, 177, 154, 124, 119, 71, 100, 132, 109, 148, 100, 77, 123, 116, 149, 131, 99, 130, 112, 148, 169, 158, 180, 173, 137, 123, 80, 74, 129, 112, 137, 128, 73, 106, 116, 132, 140, 107, 127, 114, 136, 166, 163, 175, 182, 142, 118, 100, 63, 127, 118, 131, 128, 68, 107, 114, 133, 137, 119, 125, 117, 137, 158, 165, 176, 180, 137, 115, 88, 74, 129, 116, 139, 118, 
  78, 108, 113, 133, 138, 136, 122, 128, 138, 156, 175, 185, 162, 125, 102, 64, 116, 120, 145, 135, 78, 95, 96, 121, 142, 152, 130, 127, 127, 150, 166, 187, 169, 135, 99, 54, 114, 112, 149, 139, 84, 94, 88, 103, 146, 155, 144, 134, 122, 150, 159, 190, 159, 149, 81, 60, 110, 103, 167, 122, 92, 94, 70, 109, 152, 159, 158, 121, 133, 146, 175, 177, 162, 129, 47, 92, 85, 146, 153, 105, 110, 65, 85, 129, 160, 169, 139, 129, 135, 158, 182, 167, 159, 69, 79, 82, 111, 159, 119, 127, 
  73, 68, 106, 147, 178, 151, 136, 128, 141, 171, 165, 170, 94, 77, 78, 94, 147, 120, 133, 82, 73, 101, 141, 179, 156, 146, 129, 145, 159, 162, 168, 103, 92, 75, 100, 134, 122, 136, 76, 81, 100, 145, 175, 156, 150, 131, 153, 151, 165, 146, 96, 97, 75, 117, 123, 131, 116, 72, 92, 105, 164, 163, 159, 143, 141, 156, 153, 169, 122, 103, 81, 91, 120, 121, 129, 85, 86, 94, 138, 167, 158, 153, 141, 152, 146, 165, 141, 117, 95, 87, 111, 118, 128, 96, 84, 92, 121, 159, 161, 160, 
  146, 150, 148, 154, 145, 124, 105, 88, 109, 116, 127, 107, 91, 89, 114, 150, 159, 161, 146, 152, 148, 154, 143, 127, 102, 87, 106, 115, 127, 108, 93, 95, 114, 145, 154, 159, 151, 153, 153, 153, 147, 118, 102, 93, 103, 113, 124, 110, 95, 98, 112, 145, 153, 160, 152, 153, 153, 152, 146, 122, 104, 89, 104, 116, 124, 110, 95, 97, 113, 142, 153, 159, 152, 154, 153, 153, 145, 122, 99, 90, 99, 114, 124, 112, 99, 95, 112, 137, 152, 155, 154, 150, 153, 150, 147, 125, 100, 93, 95, 114, 
  120, 121, 105, 100, 111, 135, 151, 155, 157, 153, 155, 151, 148, 125, 101, 96, 96, 110, 120, 120, 104, 94, 110, 129, 151, 155, 157, 152, 155, 155, 153, 133, 99, 98, 90, 104, 118, 125, 122, 99, 105, 119, 144, 152, 155, 154, 152, 153, 153, 141, 114, 99, 88, 96, 113, 122, 111, 107, 101, 115, 131, 149, 150, 156, 151, 155, 153, 150, 131, 111, 95, 88, 106, 116, 127, 110, 106, 101, 124, 136, 154, 148, 157, 151, 158, 151, 150, 120, 93, 86, 94, 108, 118, 126, 105, 108, 100, 130, 134, 155, 
  144, 156, 148, 158, 151, 152, 123, 101, 92, 88, 108, 113, 136, 107, 114, 96, 122, 131, 150, 147, 149, 150, 149, 156, 152, 146, 111, 102, 80, 98, 106, 127, 131, 116, 107, 101, 122, 135, 149, 145, 147, 143, 145, 152, 155, 145, 117, 97, 85, 93, 107, 122, 132, 126, 108, 105, 112, 133, 139, 146, 139, 144, 147, 150, 152, 154, 140, 110, 102, 82, 98, 105, 130, 133, 138, 113, 104, 106, 121, 141, 141, 148, 136, 148, 137, 154, 147, 161, 121, 105, 87, 80, 107, 112, 144, 132, 139, 108, 101, 104, 
  117, 139, 142, 147, 137, 138, 142, 146, 151, 156, 153, 115, 99, 80, 83, 110, 125, 149, 140, 133, 112, 105, 98, 114, 131, 143, 151, 135, 136, 127, 141, 139, 154, 153, 157, 136, 85, 91, 72, 105, 127, 152, 156, 129, 118, 86, 103, 109, 129, 144, 141, 139, 125, 123, 125, 135, 142, 152, 152, 150, 147, 142, 117, 85, 99, 92, 124, 135, 139, 136, 102, 105, 91, 122, 136, 150, 149, 116, 109, 102, 123, 146, 151, 150, 133, 130, 125, 135, 139, 149, 160, 151, 121, 80, 83, 78, 122, 144, 147, 142, 
  103, 98, 89, 113, 141, 152, 158, 135, 106, 92, 101, 132, 157, 157, 144, 121, 114, 121, 131, 148, 150, 152, 150, 146, 129, 107, 75, 81, 107, 122, 156, 137, 119, 102, 85, 112, 135, 155, 160, 137, 115, 101, 104, 121, 143, 152, 135, 123, 111, 116, 130, 141, 145, 143, 135, 136, 134, 135, 143, 146, 136, 111, 104, 79, 97, 121, 128, 151, 123, 104, 105, 101, 129, 154, 148, 144, 123, 102, 115, 128, 138, 152, 130, 107, 117, 118, 132, 150, 139, 134, 133, 124, 132, 141, 138, 138, 141, 131, 133, 119, 
  92, 105, 97, 101, 134, 130, 118, 120, 107, 104, 130, 138, 136, 140, 124, 110, 120, 129, 136, 144, 136, 122, 111, 115, 129, 143, 146, 139, 128, 123, 124, 132, 137, 137, 135, 130, 127, 127, 128, 132, 135, 122, 109, 92, 93, 116, 130, 135, 134, 118, 104, 111, 125, 137, 143, 137, 121, 113, 119, 129, 141, 146, 138, 123, 116, 121, 127, 134, 135, 131, 131, 131, 129, 130, 133, 131, 128, 127, 130, 130, 123, 124, 130, 126, 123, 125, 122, 120, 126, 129, 122, 117, 110, 97, 111, 137, 139, 128, 124, 117, 
  107, 123, 144, 144, 132, 124, 118, 115, 128, 143, 142, 131, 124, 118, 120, 127, 137, 140, 132, 127, 125, 125, 126, 130, 129, 126, 124, 126, 126, 128, 130, 129, 127, 128, 129, 124, 127, 130, 128, 121, 123, 115, 94, 109, 141, 142, 122, 118, 120, 111, 115, 140, 150, 132, 114, 118, 125, 127, 135, 144, 136, 117, 114, 127, 135, 134, 135, 129, 121, 120, 129, 137, 134, 127, 125, 125, 124, 125, 128, 131, 127, 123, 126, 129, 126, 125, 126, 124, 123, 125, 126, 126, 126, 123, 122, 123, 126, 128, 125, 118, 
  110, 113, 129, 138, 133, 124, 122, 120, 122, 130, 139, 137, 127, 119, 121, 128, 132, 134, 133, 127, 119, 117, 127, 138, 137, 128, 125, 125, 124, 125, 130, 134, 130, 122, 124, 128, 128, 125, 125, 128, 127, 124, 122, 122, 124, 126, 126, 124, 122, 121, 123, 126, 125, 125, 125, 127, 126, 124, 122, 119, 122, 133, 137, 128, 123, 126, 130, 127, 124, 127, 132, 130, 126, 125, 127, 129, 129, 130, 132, 130, 125, 124, 128, 130, 129, 129, 130, 127, 122, 120, 115, 110, 119, 136, 140, 128, 116, 115, 123, 128, 
  131, 133, 133, 124, 116, 119, 129, 136, 134, 129, 124, 122, 122, 125, 131, 134, 131, 124, 121, 123, 125, 127, 131, 132, 127, 121, 121, 125, 129, 129, 128, 129, 128, 125, 123, 124, 127, 129, 129, 127, 125, 122, 121, 124, 128, 129, 126, 122, 122, 124, 125, 126, 126, 128, 126, 124, 123, 126, 130, 129, 126, 125, 125, 127, 127, 127, 127, 127, 126, 126, 128, 129, 129, 127, 125, 127, 131, 131, 127, 125, 126, 129, 130, 130, 127, 125, 125, 126, 129, 130, 133, 125, 107, 102, 118, 141, 147, 132, 114, 111, 
  120, 127, 130, 133, 134, 129, 119, 115, 120, 132, 140, 136, 126, 119, 120, 124, 130, 132, 129, 126, 127, 127, 125, 122, 124, 133, 138, 133, 121, 114, 118, 128, 133, 131, 125, 122, 121, 122, 124, 126, 128, 127, 125, 122, 123, 126, 128, 127, 127, 126, 126, 126, 126, 126, 127, 128, 129, 127, 125, 125, 128, 129, 128, 128, 129, 130, 129, 126, 125, 126, 129, 131, 130, 126, 125, 126, 129, 130, 127, 125, 125, 126, 127, 126, 126, 128, 129, 124, 117, 116, 125, 134, 135, 128, 120, 118, 122, 128, 130, 127, 
