  134, 139, 137, 138, 141, 143, 138, 140, 143, 139, 135, 131, 126, 135, 125, 115, 126, 116, 109, 104, 111, 113, 99, 105, 109, 108, 107, 105, 118, 116, 113, 120, 124, 130, 124, 126, 136, 135, 130, 131, 140, 138, 129, 134, 139, 134, 130, 134, 139, 134, 133, 138, 142, 139, 138, 146, 146, 143, 141, 145, 145, 138, 130, 126, 138, 120, 111, 128, 115, 105, 95, 112, 116, 89, 100, 109, 108, 102, 103, 120, 118, 113, 120, 127, 136, 125, 125, 139, 141, 131, 126, 143, 144, 126, 132, 142, 138, 126, 133, 144, 
  137, 133, 140, 148, 146, 139, 147, 151, 145, 141, 141, 139, 123, 133, 134, 110, 120, 115, 106, 101, 98, 117, 97, 92, 107, 101, 102, 100, 114, 117, 109, 121, 120, 129, 130, 124, 136, 135, 134, 133, 135, 143, 132, 134, 141, 140, 137, 136, 148, 146, 139, 150, 153, 152, 143, 142, 155, 145, 132, 125, 142, 139, 95, 108, 124, 109, 88, 88, 127, 105, 77, 102, 114, 105, 86, 111, 128, 107, 115, 125, 134, 133, 120, 133, 141, 138, 130, 132, 147, 137, 133, 140, 149, 147, 134, 149, 159, 149, 148, 151, 
  156, 151, 145, 140, 123, 145, 143, 93, 104, 127, 116, 88, 77, 124, 117, 70, 93, 120, 106, 76, 108, 135, 109, 107, 125, 141, 127, 119, 142, 144, 138, 131, 135, 151, 140, 133, 142, 157, 151, 137, 154, 166, 155, 139, 150, 170, 148, 114, 130, 168, 116, 81, 122, 132, 103, 61, 104, 127, 77, 72, 103, 121, 89, 84, 121, 122, 110, 109, 125, 143, 127, 123, 136, 148, 149, 127, 137, 157, 149, 138, 146, 168, 159, 143, 159, 165, 158, 148, 155, 145, 123, 154, 132, 96, 114, 120, 111, 78, 69, 120, 
  103, 67, 89, 117, 106, 78, 121, 128, 107, 109, 125, 145, 121, 127, 147, 143, 144, 139, 146, 150, 152, 156, 147, 160, 165, 158, 153, 152, 165, 157, 138, 124, 143, 144, 91, 99, 122, 118, 78, 68, 115, 97, 68, 76, 106, 110, 80, 94, 126, 119, 107, 115, 138, 139, 130, 136, 143, 153, 147, 144, 155, 162, 161, 151, 152, 170, 167, 151, 156, 169, 155, 113, 127, 158, 113, 88, 103, 127, 106, 59, 89, 103, 81, 72, 87, 111, 90, 90, 115, 113, 117, 121, 127, 129, 135, 149, 138, 139, 157, 159, 
  151, 151, 172, 171, 155, 164, 168, 166, 156, 155, 147, 118, 142, 144, 97, 96, 111, 121, 70, 60, 116, 97, 68, 73, 114, 107, 75, 106, 116, 113, 116, 126, 135, 126, 146, 151, 136, 153, 167, 161, 145, 157, 183, 165, 157, 167, 175, 166, 141, 126, 136, 154, 114, 85, 103, 117, 97, 60, 78, 108, 92, 72, 78, 109, 110, 96, 101, 111, 129, 130, 121, 126, 145, 157, 138, 136, 164, 173, 158, 149, 176, 187, 165, 154, 166, 178, 147, 109, 138, 153, 106, 84, 97, 116, 89, 62, 82, 92, 88, 81, 
  90, 100, 103, 116, 102, 107, 136, 140, 127, 121, 152, 164, 140, 144, 167, 173, 162, 157, 172, 170, 163, 162, 164, 149, 110, 136, 141, 97, 89, 100, 115, 84, 65, 94, 88, 82, 86, 96, 104, 103, 116, 107, 114, 138, 139, 132, 132, 157, 159, 145, 156, 164, 169, 166, 169, 173, 158, 158, 165, 156, 127, 101, 132, 122, 77, 83, 107, 102, 63, 73, 98, 87, 88, 92, 100, 102, 113, 118, 105, 126, 143, 138, 131, 145, 168, 157, 149, 164, 169, 173, 172, 169, 157, 154, 169, 161, 113, 96, 150, 124, 
  73, 75, 108, 111, 59, 71, 97, 92, 93, 99, 102, 99, 115, 130, 114, 121, 147, 153, 138, 139, 169, 163, 153, 165, 169, 172, 171, 169, 154, 142, 156, 165, 108, 103, 143, 111, 71, 71, 112, 94, 61, 86, 90, 90, 102, 111, 97, 89, 131, 137, 110, 125, 154, 159, 141, 155, 166, 155, 164, 172, 167, 165, 174, 167, 140, 151, 163, 109, 102, 131, 108, 77, 70, 99, 92, 63, 85, 92, 89, 98, 115, 111, 88, 128, 150, 124, 125, 148, 163, 144, 149, 168, 152, 160, 176, 172, 161, 159, 167, 148, 
  150, 150, 105, 109, 130, 109, 78, 68, 102, 101, 72, 82, 90, 97, 104, 114, 105, 94, 136, 149, 124, 126, 152, 166, 147, 157, 164, 149, 167, 174, 165, 155, 159, 163, 141, 149, 137, 94, 117, 120, 92, 75, 74, 103, 80, 70, 90, 89, 102, 110, 123, 108, 107, 151, 137, 122, 138, 157, 159, 148, 167, 156, 151, 173, 172, 163, 156, 162, 159, 140, 153, 129, 90, 119, 111, 84, 66, 80, 106, 74, 76, 89, 87, 107, 118, 122, 94, 105, 156, 134, 124, 145, 158, 154, 158, 166, 141, 159, 184, 172, 
  154, 152, 166, 151, 145, 147, 102, 103, 134, 108, 73, 62, 90, 99, 81, 89, 85, 92, 115, 128, 119, 97, 130, 150, 130, 133, 146, 155, 153, 168, 156, 137, 164, 179, 168, 153, 156, 161, 145, 156, 138, 90, 116, 126, 99, 70, 69, 93, 78, 80, 95, 81, 92, 125, 128, 95, 100, 149, 145, 133, 145, 148, 146, 161, 178, 148, 139, 170, 175, 165, 156, 158, 146, 147, 160, 112, 83, 117, 117, 92, 72, 78, 94, 87, 104, 98, 79, 104, 132, 119, 96, 122, 139, 131, 146, 152, 139, 144, 169, 167, 
  140, 151, 169, 166, 166, 160, 149, 131, 136, 148, 105, 91, 117, 103, 84, 80, 90, 80, 82, 112, 98, 87, 113, 127, 111, 112, 138, 128, 131, 156, 151, 140, 148, 165, 154, 145, 162, 159, 155, 164, 162, 146, 131, 151, 137, 93, 115, 119, 89, 80, 87, 96, 81, 97, 112, 88, 102, 126, 119, 103, 120, 143, 126, 139, 159, 142, 138, 156, 161, 144, 150, 163, 153, 154, 165, 159, 139, 135, 155, 130, 84, 110, 119, 90, 86, 93, 89, 77, 105, 113, 89, 101, 120, 114, 106, 128, 137, 122, 144, 161, 
  143, 143, 160, 156, 141, 155, 159, 146, 153, 163, 155, 139, 138, 150, 126, 98, 118, 117, 92, 94, 97, 89, 80, 102, 115, 94, 105, 119, 104, 104, 127, 138, 120, 132, 152, 139, 146, 158, 151, 143, 155, 160, 147, 151, 160, 153, 149, 147, 148, 136, 108, 113, 122, 105, 98, 96, 89, 84, 98, 111, 99, 98, 110, 108, 106, 118, 132, 124, 127, 144, 139, 139, 154, 157, 143, 138, 149, 147, 151, 159, 148, 140, 148, 153, 147, 140, 123, 109, 115, 114, 112, 106, 94, 91, 90, 104, 113, 106, 107, 101, 
  101, 112, 124, 129, 127, 136, 135, 132, 144, 153, 148, 138, 141, 148, 152, 158, 155, 146, 141, 143, 149, 149, 142, 114, 100, 116, 120, 116, 106, 95, 91, 98, 118, 118, 110, 110, 104, 100, 113, 129, 126, 121, 130, 129, 135, 146, 143, 135, 132, 140, 140, 144, 153, 149, 141, 139, 147, 148, 143, 146, 143, 124, 111, 121, 121, 114, 114, 107, 98, 95, 107, 114, 109, 113, 107, 96, 103, 122, 128, 123, 129, 132, 127, 135, 144, 136, 130, 136, 137, 135, 144, 147, 141, 143, 148, 144, 143, 145, 146, 144, 
  139, 128, 116, 115, 123, 124, 119, 112, 106, 102, 103, 112, 117, 114, 108, 98, 102, 116, 125, 127, 128, 131, 127, 130, 137, 134, 131, 133, 139, 139, 136, 141, 144, 143, 140, 139, 138, 142, 147, 142, 139, 136, 132, 129, 123, 123, 122, 117, 114, 111, 112, 111, 110, 111, 109, 112, 109, 106, 111, 114, 118, 124, 127, 126, 125, 130, 127, 124, 133, 139, 136, 136, 139, 142, 142, 141, 143, 141, 138, 136, 137, 141, 143, 139, 133, 131, 131, 126, 123, 122, 118, 115, 114, 115, 113, 111, 113, 112, 110, 112, 
  111, 110, 111, 114, 118, 122, 124, 125, 126, 127, 128, 129, 131, 137, 137, 136, 136, 138, 143, 141, 137, 138, 138, 138, 141, 142, 140, 138, 136, 134, 133, 130, 126, 124, 123, 120, 118, 118, 118, 115, 113, 113, 114, 113, 114, 113, 110, 112, 114, 117, 119, 122, 124, 125, 126, 127, 130, 129, 132, 134, 134, 135, 140, 142, 138, 137, 138, 138, 138, 135, 136, 137, 136, 135, 135, 134, 134, 131, 128, 126, 122, 120, 121, 119, 116, 114, 115, 117, 116, 114, 114, 115, 116, 116, 115, 116, 117, 119, 121, 123, 
  126, 128, 129, 130, 131, 131, 131, 132, 133, 135, 137, 138, 138, 139, 139, 138, 136, 134, 135, 135, 133, 133, 134, 133, 131, 130, 128, 126, 127, 124, 121, 121, 118, 117, 118, 119, 118, 116, 117, 117, 118, 119, 119, 118, 119, 118, 118, 123, 124, 123, 125, 127, 128, 130, 132, 132, 130, 131, 132, 133, 134, 135, 135, 134, 136, 135, 134, 136, 133, 131, 132, 133, 131, 132, 133, 132, 130, 129, 128, 127, 126, 122, 122, 121, 119, 120, 119, 118, 119, 118, 119, 118, 119, 120, 119, 118, 119, 119, 120, 122, 
  122, 124, 127, 128, 127, 129, 132, 130, 131, 132, 134, 133, 135, 135, 134, 135, 134, 136, 136, 135, 133, 132, 131, 132, 133, 132, 130, 130, 131, 130, 127, 128, 128, 126, 124, 122, 122, 120, 118, 120, 119, 119, 118, 118, 119, 120, 120, 121, 121, 120, 122, 123, 123, 123, 124, 125, 126, 127, 128, 129, 129, 128, 129, 130, 131, 132, 132, 131, 133, 133, 132, 132, 133, 133, 132, 130, 129, 130, 129, 130, 129, 130, 129, 130, 129, 129, 128, 129, 128, 127, 126, 125, 125, 123, 123, 122, 121, 120, 121, 120, 
  120, 119, 120, 121, 121, 120, 121, 121, 122, 123, 124, 124, 125, 126, 126, 127, 127, 128, 129, 129, 131, 132, 132, 131, 132, 132, 133, 133, 134, 134, 135, 134, 134, 133, 132, 131, 130, 131, 129, 127, 128, 128, 127, 125, 126, 125, 126, 126, 125, 126, 125, 124, 125, 124, 124, 123, 124, 123, 124, 123, 123, 122, 123, 124, 123, 124, 123, 124, 123, 124, 124, 125, 126, 125, 126, 125, 126, 127, 127, 127, 128, 127, 128, 128, 129, 130, 129, 130, 130, 131, 131, 130, 131, 132, 131, 132, 131, 132, 131, 130, 
  131, 130, 130, 129, 128, 129, 128, 128, 127, 128, 127, 128, 127, 126, 127, 126, 125, 126, 125, 126, 125, 125, 124, 123, 124, 123, 124, 123, 124, 123, 124, 123, 124, 124, 125, 124, 125, 125, 126, 126, 125, 126, 127, 127, 128, 127, 128, 128, 129, 128, 129, 130, 129, 130, 129, 130, 131, 130, 130, 131, 130, 131, 130, 131, 131, 130, 129, 130, 129, 129, 128, 128, 127, 128, 128, 127, 126, 127, 126, 127, 126, 127, 126, 127, 126, 125, 125, 126, 126, 125, 126, 125, 124, 125, 124, 125, 124, 125, 124, 125, 
  124, 125, 124, 124, 125, 124, 125, 124, 125, 126, 125, 126, 126, 125, 126, 125, 126, 127, 126, 127, 128, 127, 128, 129, 129, 130, 129, 130, 129, 130, 131, 130, 131, 132, 131, 131, 130, 131, 130, 129, 130, 130, 129, 128, 129, 128, 127, 128, 127, 127, 126, 127, 126, 125, 126, 125, 126, 125, 126, 125, 125, 126, 125, 126, 125, 126, 125, 126, 125, 126, 125, 126, 125, 126, 125, 126, 125, 126, 125, 126, 125, 126, 125, 126, 125, 126, 127, 126, 125, 126, 127, 127, 126, 127, 127, 128, 127, 128, 127, 128, 
  127, 128, 129, 129, 128, 129, 130, 129, 130, 129, 130, 129, 130, 130, 129, 130, 129, 130, 129, 128, 129, 129, 128, 127, 128, 127, 128, 127, 126, 127, 126, 127, 126, 126, 125, 126, 125, 126, 126, 125, 126, 125, 126, 125, 126, 125, 126, 125, 126, 126, 126, 126, 126, 126, 126, 126, 126, 126, 126, 126, 126, 126, 126, 126, 125, 126, 125, 126, 127, 126, 127, 126, 127, 128, 127, 128, 127, 128, 129, 128, 129, 128, 129, 128, 126, 124, 121, 123, 134, 143, 143, 147, 138, 102, 110, 147, 142, 125, 115, 114, 
  133, 147, 137, 121, 121, 121, 119, 133, 147, 137, 119, 117, 129, 139, 134, 109, 100, 128, 152, 139, 111, 106, 126, 141, 132, 116, 107, 122, 135, 129, 118, 116, 127, 134, 130, 121, 120, 124, 119, 105, 105, 126, 139, 125, 111, 121, 141, 147, 132, 122, 129, 140, 139, 122, 104, 115, 141, 144, 122, 110, 125, 145, 150, 141, 133, 138, 143, 136, 124, 123, 121, 113, 122, 134, 135, 130, 127, 127, 128, 125, 123, 127, 130, 133, 131, 125, 128, 135, 136, 133, 125, 119, 122, 122, 112, 106, 107, 110, 107, 104, 
  107, 111, 114, 116, 118, 120, 126, 133, 135, 131, 130, 133, 137, 135, 132, 130, 131, 130, 127, 128, 128, 130, 131, 132, 134, 134, 126, 130, 143, 146, 140, 140, 145, 153, 161, 150, 139, 147, 155, 147, 135, 133, 135, 137, 134, 123, 115, 118, 122, 100, 82, 104, 102, 82, 78, 87, 100, 99, 106, 107, 109, 122, 138, 137, 132, 142, 149, 147, 142, 143, 140, 132, 125, 119, 114, 110, 110, 106, 104, 111, 120, 122, 124, 130, 142, 153, 158, 158, 158, 164, 169, 165, 156, 151, 151, 152, 144, 135, 132, 133, 
  134, 133, 125, 119, 129, 132, 121, 112, 95, 77, 102, 114, 81, 66, 81, 101, 97, 100, 102, 106, 127, 144, 138, 123, 138, 152, 147, 137, 132, 127, 122, 117, 107, 98, 97, 105, 108, 109, 116, 128, 138, 145, 152, 158, 163, 170, 171, 165, 160, 159, 157, 153, 146, 139, 136, 137, 141, 137, 135, 140, 141, 138, 145, 144, 131, 119, 107, 76, 80, 103, 70, 47, 57, 89, 96, 113, 121, 110, 140, 171, 174, 143, 143, 158, 145, 137, 128, 106, 87, 87, 95, 89, 85, 97, 113, 129, 147, 158, 157, 164, 
  174, 178, 169, 163, 156, 144, 141, 139, 132, 124, 128, 133, 134, 140, 149, 153, 160, 166, 159, 150, 154, 154, 129, 106, 65, 16, 54, 86, 45, 32, 48, 87, 120, 158, 159, 138, 169, 193, 190, 154, 134, 117, 96, 101, 95, 68, 50, 64, 93, 112, 131, 138, 145, 169, 195, 192, 169, 154, 143, 144, 145, 135, 110, 103, 119, 133, 141, 145, 148, 153, 168, 183, 179, 166, 164, 164, 154, 138, 126, 114, 99, 88, 83, 33, 40, 89, 72, 82, 92, 111, 139, 183, 200, 150, 148, 148, 130, 118, 95, 77, 
  49, 64, 96, 100, 111, 123, 138, 154, 180, 179, 156, 145, 140, 134, 126, 121, 103, 99, 120, 140, 148, 151, 153, 155, 169, 180, 168, 156, 150, 148, 144, 142, 138, 128, 131, 141, 142, 138, 146, 139, 120, 106, 73, 9, 44, 98, 80, 87, 82, 103, 137, 186, 181, 142, 135, 117, 121, 117, 104, 80, 62, 82, 113, 135, 143, 135, 133, 141, 160, 161, 140, 123, 114, 114, 126, 131, 122, 124, 129, 146, 160, 160, 158, 149, 150, 157, 156, 152, 143, 139, 139, 144, 151, 153, 149, 143, 146, 150, 146, 131, 
  102, 80, 45, 17, 73, 100, 88, 104, 108, 131, 156, 197, 193, 130, 111, 97, 85, 88, 91, 82, 67, 103, 144, 165, 184, 179, 147, 129, 130, 118, 96, 89, 87, 86, 117, 152, 161, 167, 167, 160, 150, 149, 147, 130, 123, 128, 127, 138, 152, 155, 149, 153, 161, 162, 170, 170, 157, 135, 127, 122, 103, 92, 72, 13, 19, 82, 93, 135, 158, 148, 147, 166, 197, 152, 111, 84, 35, 39, 71, 106, 112, 128, 161, 168, 197, 212, 179, 128, 91, 69, 47, 59, 85, 97, 124, 166, 187, 195, 200, 176, 
  134, 109, 103, 99, 109, 130, 135, 141, 163, 173, 174, 175, 171, 154, 147, 157, 152, 141, 128, 115, 107, 112, 112, 82, 11, 36, 89, 122, 189, 174, 143, 121, 154, 162, 115, 114, 59, 12, 40, 98, 145, 158, 183, 168, 151, 178, 174, 135, 90, 61, 34, 37, 86, 134, 159, 184, 192, 174, 171, 168, 137, 101, 80, 74, 91, 138, 175, 173, 170, 168, 160, 164, 172, 160, 136, 129, 132, 138, 143, 147, 140, 129, 116, 83, 19, 19, 75, 114, 177, 181, 153, 126, 139, 159, 116, 104, 67, 20, 32, 90, 
  150, 172, 195, 186, 150, 154, 156, 126, 86, 61, 41, 38, 89, 152, 186, 200, 195, 159, 135, 139, 127, 102, 88, 87, 101, 141, 183, 188, 172, 161, 149, 148, 159, 161, 144, 133, 130, 123, 131, 147, 141, 124, 88, 22, 24, 71, 131, 189, 184, 161, 118, 131, 144, 116, 103, 56, 31, 44, 101, 162, 188, 203, 177, 146, 137, 132, 113, 85, 65, 49, 57, 103, 166, 201, 207, 186, 145, 122, 119, 118, 110, 102, 104, 119, 149, 180, 183, 170, 155, 146, 146, 155, 159, 150, 133, 123, 115, 118, 130, 137, 
  101, 22, 44, 77, 113, 188, 188, 158, 117, 116, 123, 108, 114, 86, 54, 57, 97, 152, 177, 198, 174, 131, 122, 120, 108, 97, 93, 76, 68, 106, 158, 185, 196, 175, 131, 106, 112, 119, 122, 125, 125, 124, 140, 167, 172, 164, 155, 141, 139, 155, 161, 152, 140, 124, 104, 106, 115, 97, 42, 54, 100, 116, 164, 182, 155, 121, 118, 113, 90, 102, 96, 77, 84, 125, 156, 169, 183, 161, 121, 104, 106, 99, 97, 105, 98, 95, 120, 157, 173, 177, 167, 131, 107, 111, 120, 126, 134, 137, 136, 146, 
  163, 165, 157, 153, 142, 139, 151, 156, 147, 135, 120, 104, 105, 101, 55, 58, 107, 126, 155, 170, 152, 116, 106, 115, 97, 95, 94, 88, 89, 123, 161, 166, 169, 157, 122, 102, 105, 104, 98, 106, 108, 102, 116, 146, 165, 166, 160, 138, 117, 116, 126, 132, 130, 132, 133, 141, 159, 167, 158, 149, 142, 142, 148, 153, 145, 130, 114, 104, 100, 99, 73, 89, 132, 150, 168, 154, 124, 97, 106, 107, 95, 100, 97, 93, 111, 147, 163, 159, 153, 131, 104, 101, 111, 112, 112, 116, 109, 106, 124, 148, 
  157, 157, 145, 124, 119, 131, 137, 138, 133, 130, 134, 147, 159, 158, 150, 147, 146, 150, 153, 150, 130, 109, 98, 97, 80, 55, 105, 141, 157, 173, 155, 121, 93, 101, 97, 92, 98, 100, 104, 123, 155, 161, 154, 144, 119, 98, 100, 110, 111, 118, 119, 109, 119, 142, 155, 152, 145, 129, 115, 123, 138, 143, 139, 138, 140, 146, 156, 158, 147, 138, 141, 147, 149, 150, 138, 119, 106, 103, 86, 59, 93, 138, 154, 165, 152, 118, 99, 110, 106, 97, 99, 99, 101, 118, 155, 162, 149, 138, 119, 99, 
  104, 118, 115, 113, 107, 107, 126, 149, 159, 149, 136, 123, 119, 131, 141, 139, 133, 133, 139, 148, 155, 154, 143, 138, 143, 148, 147, 138, 119, 104, 103, 103, 76, 76, 127, 151, 157, 154, 128, 99, 105, 116, 99, 97, 103, 107, 117, 149, 165, 150, 135, 122, 105, 102, 115, 116, 103, 100, 117, 136, 155, 166, 151, 127, 119, 121, 126, 133, 139, 137, 136, 147, 154, 150, 144, 141, 135, 139, 148, 148, 132, 117, 109, 110, 94, 73, 111, 142, 149, 154, 140, 114, 102, 116, 112, 100, 99, 100, 107, 131, 
  159, 158, 142, 131, 115, 106, 115, 120, 99, 86, 108, 136, 156, 167, 157, 131, 120, 125, 129, 132, 135, 135, 136, 146, 155, 149, 139, 135, 133, 138, 148, 149, 134, 122, 118, 114, 96, 71, 93, 132, 149, 155, 144, 118, 111, 126, 120, 103, 97, 92, 96, 126, 154, 155, 144, 134, 123, 113, 120, 119, 94, 83, 107, 136, 158, 167, 154, 126, 121, 130, 131, 128, 127, 128, 131, 147, 159, 152, 137, 132, 132, 138, 145, 145, 136, 125, 121, 120, 102, 69, 91, 128, 142, 147, 141, 122, 114, 129, 126, 109, 
  96, 94, 97, 119, 148, 153, 141, 135, 130, 123, 124, 123, 97, 78, 100, 132, 153, 165, 158, 135, 129, 137, 132, 122, 121, 123, 129, 144, 157, 149, 136, 133, 135, 136, 139, 135, 129, 129, 131, 130, 126, 105, 72, 93, 131, 139, 140, 130, 116, 119, 138, 132, 112, 99, 91, 99, 124, 145, 144, 133, 131, 132, 132, 136, 122, 92, 85, 108, 134, 148, 153, 143, 132, 138, 144, 136, 123, 119, 121, 130, 143, 147, 140, 134, 135, 137, 138, 135, 130, 127, 130, 134, 133, 128, 121, 101, 85, 111, 126, 124, 
  132, 124, 119, 131, 138, 128, 112, 105, 102, 110, 124, 131, 128, 126, 131, 135, 139, 136, 115, 99, 107, 123, 132, 138, 137, 133, 136, 148, 147, 135, 128, 124, 125, 133, 138, 134, 131, 135, 137, 138, 136, 132, 126, 129, 134, 135, 135, 132, 126, 120, 110, 101, 108, 117, 121, 124, 127, 125, 128, 135, 131, 122, 118, 112, 109, 115, 121, 120, 121, 127, 129, 129, 131, 129, 126, 128, 128, 127, 128, 130, 131, 132, 134, 134, 135, 136, 138, 137, 135, 133, 130, 130, 130, 128, 126, 128, 130, 132, 133, 133, 
  133, 130, 127, 124, 119, 111, 111, 115, 116, 120, 124, 123, 123, 127, 129, 127, 125, 123, 120, 120, 122, 124, 123, 122, 121, 122, 126, 130, 131, 132, 131, 129, 130, 131, 130, 128, 126, 127, 129, 130, 132, 132, 132, 131, 131, 130, 129, 128, 127, 128, 127, 128, 128, 129, 128, 128, 127, 128, 127, 128, 126, 124, 123, 124, 123, 124, 123, 122, 121, 121, 122, 124, 125, 125, 124, 123, 124, 124, 125, 125, 125, 126, 127, 128, 129, 130, 129, 129, 130, 129, 130, 130, 129, 129, 130, 131, 132, 133, 132, 131, 
  132, 130, 130, 129, 129, 128, 129, 128, 127, 128, 127, 126, 126, 125, 125, 124, 124, 123, 122, 121, 122, 121, 122, 121, 121, 122, 123, 124, 125, 124, 125, 126, 125, 126, 126, 127, 127, 128, 130, 129, 129, 130, 129, 128, 129, 128, 127, 128, 128, 129, 129, 130, 130, 129, 130, 129, 128, 129, 129, 128, 129, 128, 129, 128, 129, 128, 127, 128, 127, 128, 127, 128, 127, 126, 127, 126, 127, 126, 126, 125, 124, 125, 124, 123, 124, 123, 122, 123, 122, 123, 124, 124, 125, 126, 126, 127, 128, 128, 129, 128, 
  129, 129, 130, 131, 130, 131, 130, 129, 130, 130, 129, 128, 129, 128, 129, 128, 128, 129, 128, 127, 128, 127, 128, 127, 126, 125, 126, 125, 125, 124, 125, 123, 122, 123, 124, 123, 124, 124, 125, 124, 125, 126, 127, 126, 128, 129, 128, 128, 129, 128, 129, 130, 129, 129, 130, 130, 131, 132, 132, 131, 130, 131, 130, 130, 129, 128, 129, 128, 130, 129, 128, 129, 128, 127, 126, 125, 126, 125, 124, 123, 124, 125, 124, 124, 124, 123, 122, 123, 122, 123, 122, 123, 124, 124, 125, 127, 128, 128, 128, 127, 
  128, 127, 126, 125, 126, 126, 126, 127, 129, 129, 130, 131, 130, 131, 131, 130, 130, 131, 130, 131, 130, 130, 129, 128, 128, 128, 127, 127, 126, 125, 127, 126, 127, 126, 127, 126, 125, 126, 126, 124, 123, 123, 122, 121, 122, 121, 120, 121, 121, 123, 122, 124, 125, 124, 125, 126, 125, 126, 127, 127, 128, 129, 131, 130, 132, 132, 131, 132, 132, 131, 130, 131, 132, 131, 132, 132, 131, 132, 131, 130, 131, 131, 130, 129, 129, 127, 126, 125, 124, 122, 122, 121, 120, 120, 121, 121, 120, 121, 122, 122, 
  123, 124, 126, 125, 126, 128, 128, 129, 129, 128, 129, 128, 129, 128, 129, 128, 127, 128, 129, 129, 130, 130, 131, 130, 131, 132, 132, 133, 132, 131, 132, 131, 130, 129, 128, 127, 128, 128, 129, 128, 129, 128, 128, 127, 127, 126, 125, 123, 122, 121, 122, 121, 120, 119, 119, 120, 119, 120, 121, 122, 122, 123, 124, 124, 125, 125, 124, 125, 126, 126, 127, 128, 129, 130, 130, 131, 131, 132, 133, 134, 133, 134, 133, 134, 133, 134, 133, 132, 131, 131, 132, 131, 130, 130, 129, 126, 124, 125, 124, 120, 
  119, 118, 117, 117, 118, 118, 116, 117, 118, 120, 121, 123, 124, 123, 125, 126, 127, 128, 127, 126, 127, 127, 128, 128, 129, 130, 129, 131, 132, 133, 134, 135, 134, 135, 136, 135, 136, 135, 136, 135, 135, 134, 133, 132, 131, 130, 127, 124, 123, 123, 121, 120, 119, 118, 118, 117, 118, 117, 118, 118, 119, 120, 121, 122, 123, 124, 125, 125, 126, 126, 126, 125, 126, 127, 128, 129, 130, 129, 130, 132, 134, 134, 135, 136, 135, 136, 137, 136, 137, 136, 137, 135, 136, 135, 133, 133, 130, 126, 123, 123, 
  122, 121, 119, 118, 115, 113, 115, 117, 118, 117, 116, 116, 119, 121, 122, 122, 123, 124, 123, 124, 125, 125, 126, 125, 126, 127, 128, 129, 130, 131, 132, 132, 134, 135, 136, 137, 138, 138, 139, 138, 139, 138, 137, 136, 135, 134, 132, 128, 123, 122, 122, 120, 118, 115, 112, 113, 114, 115, 115, 116, 115, 115, 116, 119, 121, 122, 122, 121, 123, 124, 125, 125, 126, 125, 126, 127, 129, 129, 130, 131, 132, 133, 135, 136, 138, 139, 139, 139, 140, 140, 141, 140, 139, 137, 136, 134, 131, 127, 124, 123, 
  123, 119, 116, 114, 112, 113, 114, 115, 114, 115, 114, 115, 118, 120, 122, 123, 122, 122, 123, 124, 125, 126, 126, 125, 126, 128, 129, 131, 132, 133, 135, 136, 138, 140, 141, 142, 141, 142, 142, 143, 142, 141, 140, 138, 136, 132, 128, 124, 123, 121, 118, 114, 112, 112, 111, 112, 111, 113, 113, 111, 112, 116, 119, 120, 121, 121, 122, 122, 123, 124, 126, 125, 126, 127, 128, 130, 131, 133, 135, 135, 136, 138, 140, 141, 142, 143, 144, 145, 144, 143, 142, 140, 139, 136, 132, 126, 124, 123, 121, 116, 
  111, 109, 110, 110, 110, 112, 112, 109, 110, 112, 116, 118, 120, 120, 121, 121, 121, 123, 125, 126, 125, 126, 127, 128, 129, 133, 135, 136, 137, 138, 141, 143, 144, 145, 146, 146, 145, 146, 145, 142, 140, 138, 132, 126, 124, 123, 119, 115, 110, 109, 109, 108, 107, 110, 111, 108, 110, 111, 115, 118, 119, 120, 121, 120, 120, 123, 125, 126, 126, 127, 128, 128, 129, 134, 138, 138, 138, 140, 142, 144, 146, 147, 149, 149, 147, 147, 146, 143, 141, 137, 130, 126, 125, 121, 117, 113, 108, 107, 107, 106, 
  107, 109, 108, 107, 108, 111, 115, 117, 118, 120, 121, 120, 120, 122, 124, 125, 127, 128, 127, 128, 130, 135, 138, 139, 141, 142, 144, 146, 148, 151, 151, 151, 149, 148, 146, 143, 140, 134, 129, 125, 120, 116, 112, 108, 106, 106, 104, 106, 107, 106, 107, 107, 110, 113, 115, 118, 120, 120, 119, 120, 120, 123, 126, 127, 128, 128, 127, 130, 135, 138, 142, 143, 142, 145, 148, 151, 154, 155, 154, 152, 147, 145, 143, 137, 132, 128, 123, 118, 113, 107, 105, 106, 104, 104, 105, 106, 106, 107, 108, 112, 
  115, 116, 119, 119, 118, 119, 118, 122, 125, 126, 129, 128, 127, 128, 135, 143, 147, 147, 148, 149, 152, 157, 164, 164, 158, 147, 138, 141, 135, 123, 125, 124, 119, 119, 115, 105, 100, 95, 101, 114, 112, 108, 104, 94, 98, 109, 117, 127, 124, 110, 99, 92, 113, 143, 146, 142, 138, 130, 143, 162, 164, 157, 148, 156, 171, 176, 185, 184, 166, 155, 138, 114, 104, 59, 39, 92, 109, 121, 134, 112, 119, 132, 137, 125, 83, 68, 76, 87, 117, 131, 119, 130, 155, 172, 157, 113, 90, 93, 106, 127, 
  130, 115, 123, 154, 176, 177, 166, 155, 155, 169, 174, 166, 149, 134, 126, 111, 108, 120, 85, 49, 105, 129, 130, 129, 110, 118, 125, 155, 127, 80, 88, 93, 111, 136, 133, 123, 129, 159, 153, 102, 98, 106, 108, 127, 132, 118, 123, 159, 173, 160, 161, 159, 160, 178, 183, 167, 147, 143, 131, 111, 117, 118, 55, 61, 125, 119, 126, 121, 116, 121, 143, 154, 88, 67, 91, 99, 117, 128, 123, 117, 146, 172, 120, 93, 118, 113, 119, 132, 119, 112, 148, 179, 163, 157, 166, 165, 177, 190, 171, 149, 
  145, 135, 108, 110, 102, 37, 74, 129, 115, 122, 118, 125, 125, 145, 145, 83, 70, 93, 104, 113, 121, 123, 122, 152, 147, 107, 111, 124, 120, 123, 122, 116, 129, 162, 171, 158, 165, 171, 173, 181, 187, 163, 142, 129, 113, 113, 113, 68, 53, 105, 125, 130, 120, 119, 125, 146, 136, 82, 71, 85, 107, 114, 120, 117, 128, 152, 134, 119, 126, 124, 120, 123, 122, 120, 134, 157, 159, 159, 165, 172, 176, 182, 181, 161, 142, 120, 107, 115, 98, 51, 79, 116, 119, 126, 121, 126, 130, 146, 125, 80, 
  79, 97, 106, 111, 116, 120, 136, 137, 136, 142, 136, 128, 123, 124, 128, 133, 140, 146, 156, 167, 176, 182, 184, 180, 163, 141, 126, 114, 104, 83, 53, 89, 121, 121, 123, 127, 141, 155, 145, 87, 80, 93, 90, 95, 99, 108, 120, 132, 143, 154, 149, 143, 133, 126, 126, 126, 128, 138, 149, 157, 170, 179, 182, 186, 177, 147, 129, 125, 113, 55, 44, 103, 106, 112, 121, 126, 141, 160, 152, 92, 83, 96, 92, 88, 91, 97, 95, 122, 158, 153, 150, 155, 145, 138, 138, 124, 119, 142, 148, 149, 
  167, 178, 182, 184, 166, 146, 142, 136, 88, 31, 68, 106, 96, 103, 111, 134, 160, 168, 125, 83, 100, 105, 85, 78, 82, 74, 102, 151, 148, 147, 170, 164, 150, 144, 126, 114, 137, 146, 141, 160, 178, 180, 179, 171, 156, 154, 140, 82, 27, 77, 101, 78, 91, 110, 142, 163, 167, 114, 98, 125, 107, 79, 75, 70, 70, 118, 138, 133, 162, 179, 163, 155, 146, 123, 130, 139, 128, 140, 169, 173, 173, 183, 172, 159, 157, 136, 61, 42, 102, 89, 68, 90, 117, 142, 161, 145, 109, 128, 134, 96, 
  76, 68, 59, 86, 119, 118, 142, 178, 179, 163, 154, 142, 134, 135, 128, 126, 145, 163, 166, 169, 171, 169, 165, 147, 99, 56, 85, 95, 66, 73, 101, 130, 140, 140, 120, 123, 137, 111, 86, 66, 68, 92, 106, 112, 138, 173, 180, 169, 154, 152, 149, 136, 127, 134, 149, 156, 155, 160, 167, 170, 161, 146, 111, 71, 101, 99, 62, 77, 106, 127, 129, 130, 120, 132, 141, 109, 77, 63, 85, 98, 95, 116, 147, 172, 175, 163, 156, 160, 151, 131, 134, 146, 151, 150, 155, 160, 162, 160, 152, 125, 
  83, 95, 112, 77, 72, 96, 117, 125, 130, 119, 125, 142, 118, 84, 66, 90, 96, 85, 109, 138, 162, 171, 166, 155, 163, 159, 135, 136, 149, 150, 150, 156, 158, 163, 164, 153, 134, 95, 100, 109, 74, 74, 97, 111, 117, 126, 119, 124, 138, 113, 78, 75, 99, 90, 85, 115, 142, 160, 165, 162, 157, 164, 151, 135, 150, 152, 143, 147, 154, 157, 161, 155, 149, 133, 102, 114, 105, 75, 88, 103, 109, 116, 122, 118, 129, 127, 93, 73, 93, 98, 79, 102, 129, 144, 157, 162, 160, 168, 162, 142, 
  150, 156, 145, 144, 155, 155, 150, 149, 148, 145, 115, 111, 119, 89, 85, 100, 109, 114, 121, 120, 118, 134, 113, 76, 98, 105, 77, 91, 123, 136, 150, 154, 155, 172, 166, 141, 145, 162, 148, 143, 153, 157, 153, 147, 141, 145, 128, 101, 115, 93, 80, 97, 107, 112, 119, 121, 117, 134, 115, 77, 98, 109, 83, 97, 121, 131, 146, 152, 148, 165, 167, 144, 149, 164, 151, 144, 158, 158, 153, 149, 144, 142, 123, 93, 106, 110, 84, 92, 109, 111, 114, 117, 116, 135, 116, 77, 103, 112, 85, 95, 
  123, 130, 143, 151, 150, 164, 163, 148, 151, 162, 150, 147, 156, 158, 153, 145, 142, 149, 125, 89, 118, 106, 75, 92, 112, 113, 115, 120, 117, 135, 114, 79, 104, 111, 82, 97, 124, 127, 141, 148, 150, 165, 163, 146, 152, 164, 151, 146, 156, 160, 154, 145, 141, 145, 131, 87, 106, 110, 76, 89, 105, 111, 112, 120, 118, 133, 117, 84, 109, 109, 84, 95, 122, 125, 136, 147, 147, 161, 161, 145, 150, 164, 151, 141, 154, 161, 153, 142, 141, 148, 137, 92, 92, 122, 87, 74, 105, 112, 111, 115, 
  116, 129, 133, 94, 105, 120, 93, 94, 120, 125, 133, 147, 145, 159, 164, 149, 150, 165, 159, 144, 152, 161, 158, 144, 141, 146, 138, 100, 86, 118, 103, 76, 96, 114, 111, 110, 118, 123, 136, 104, 88, 118, 97, 86, 111, 129, 128, 139, 146, 157, 165, 151, 149, 161, 161, 147, 148, 160, 164, 152, 143, 147, 148, 118, 75, 102, 124, 79, 77, 107, 113, 106, 115, 120, 135, 135, 102, 113, 119, 90, 92, 122, 124, 129, 140, 147, 162, 158, 144, 153, 166, 154, 144, 152, 158, 158, 152, 140, 145, 146, 
  105, 85, 122, 102, 69, 87, 109, 108, 107, 117, 120, 134, 106, 90, 121, 115, 88, 99, 127, 125, 128, 138, 148, 159, 152, 144, 157, 164, 150, 146, 156, 159, 158, 150, 143, 144, 146, 117, 88, 122, 110, 66, 85, 112, 107, 104, 116, 122, 137, 125, 90, 112, 127, 89, 90, 125, 128, 125, 135, 147, 157, 156, 144, 146, 168, 155, 144, 156, 161, 156, 153, 148, 147, 146, 128, 91, 86, 111, 80, 72, 103, 111, 102, 108, 121, 125, 135, 112, 91, 120, 120, 83, 99, 131, 127, 123, 139, 150, 154, 151, 
  142, 150, 162, 150, 144, 158, 161, 150, 154, 157, 146, 140, 135, 104, 86, 116, 97, 66, 94, 113, 100, 102, 123, 126, 134, 129, 104, 103, 125, 107, 82, 112, 130, 122, 129, 146, 149, 151, 149, 141, 151, 158, 144, 143, 159, 155, 146, 157, 161, 148, 137, 140, 115, 88, 115, 95, 66, 92, 105, 96, 104, 126, 119, 133, 137, 124, 114, 108, 115, 101, 96, 112, 127, 127, 135, 145, 148, 151, 145, 143, 148, 150, 142, 138, 150, 152, 147, 154, 161, 154, 139, 134, 128, 95, 94, 104, 77, 81, 102, 102, 
  100, 119, 125, 124, 137, 130, 124, 124, 104, 100, 116, 105, 105, 129, 137, 132, 141, 147, 142, 145, 142, 137, 145, 150, 144, 148, 153, 151, 150, 154, 158, 150, 136, 131, 112, 95, 112, 96, 72, 91, 105, 97, 105, 122, 126, 135, 140, 132, 131, 139, 120, 86, 109, 121, 95, 104, 132, 135, 134, 145, 141, 144, 154, 140, 131, 148, 153, 135, 138, 152, 151, 148, 152, 154, 160, 148, 122, 109, 99, 106, 91, 69, 79, 103, 109, 100, 116, 133, 142, 140, 134, 136, 139, 127, 108, 104, 97, 103, 111, 104, 
  113, 136, 143, 136, 143, 150, 146, 142, 139, 135, 141, 142, 139, 144, 150, 149, 147, 156, 160, 156, 152, 136, 120, 103, 92, 99, 82, 71, 82, 103, 112, 112, 128, 140, 151, 147, 140, 136, 136, 125, 109, 106, 108, 106, 92, 102, 119, 126, 127, 136, 147, 151, 151, 141, 136, 139, 136, 128, 129, 137, 139, 140, 142, 147, 153, 156, 155, 155, 156, 155, 134, 109, 90, 75, 97, 92, 63, 77, 115, 123, 120, 140, 152, 162, 160, 138, 126, 130, 121, 94, 86, 96, 103, 105, 112, 118, 128, 140, 147, 142, 
  140, 145, 139, 130, 128, 124, 120, 125, 128, 128, 135, 141, 142, 147, 153, 154, 153, 152, 150, 148, 148, 148, 141, 131, 119, 103, 81, 83, 111, 98, 80, 108, 132, 130, 136, 138, 135, 146, 140, 112, 101, 110, 104, 93, 96, 105, 118, 135, 142, 137, 147, 162, 151, 125, 119, 116, 102, 106, 108, 106, 120, 143, 147, 145, 155, 155, 147, 143, 136, 128, 130, 131, 124, 126, 139, 139, 137, 144, 151, 154, 160, 161, 150, 136, 126, 101, 69, 83, 93, 70, 76, 104, 120, 134, 151, 144, 142, 155, 146, 116, 
  105, 103, 95, 92, 94, 97, 107, 134, 146, 142, 152, 162, 158, 148, 137, 119, 107, 98, 89, 97, 104, 111, 132, 152, 156, 158, 160, 153, 142, 134, 123, 113, 114, 120, 120, 125, 133, 140, 146, 152, 153, 149, 152, 154, 150, 147, 147, 140, 129, 121, 107, 87, 85, 64, 78, 106, 105, 109, 122, 148, 150, 153, 142, 123, 117, 118, 103, 84, 88, 97, 110, 126, 138, 144, 153, 164, 162, 148, 138, 127, 114, 107, 104, 98, 102, 117, 120, 127, 148, 152, 149, 146, 136, 129, 121, 118, 113, 110, 117, 124, 
  130, 137, 141, 144, 145, 147, 144, 138, 136, 135, 136, 136, 136, 134, 134, 140, 145, 145, 147, 145, 136, 123, 113, 103, 105, 100, 70, 83, 104, 109, 121, 126, 128, 137, 157, 146, 116, 112, 109, 99, 107, 107, 99, 107, 134, 149, 147, 156, 153, 141, 144, 140, 123, 106, 105, 107, 112, 126, 130, 130, 139, 149, 152, 144, 134, 115, 103, 115, 119, 115, 119, 125, 131, 143, 153, 147, 136, 137, 136, 132, 134, 131, 123, 125, 136, 138, 139, 142, 139, 136, 139, 142, 141, 137, 133, 130, 132, 135, 118, 100, 
  98, 94, 103, 112, 95, 91, 105, 120, 133, 137, 135, 120, 117, 124, 119, 115, 109, 103, 103, 117, 133, 136, 139, 138, 136, 139, 142, 136, 122, 115, 112, 112, 120, 127, 129, 131, 138, 142, 144, 143, 137, 129, 122, 117, 110, 112, 116, 121, 129, 139, 144, 146, 147, 145, 138, 134, 129, 124, 123, 124, 125, 127, 133, 137, 137, 138, 139, 136, 135, 134, 131, 128, 128, 128, 127, 128, 130, 128, 132, 137, 134, 130, 124, 116, 108, 102, 94, 86, 93, 108, 114, 123, 134, 133, 133, 138, 136, 126, 118, 111, 
  103, 104, 113, 118, 124, 133, 139, 140, 144, 144, 136, 128, 123, 116, 112, 116, 120, 124, 129, 137, 141, 144, 147, 144, 137, 131, 124, 117, 117, 119, 121, 124, 128, 130, 135, 137, 135, 134, 131, 131, 132, 132, 131, 130, 130, 129, 130, 132, 133, 133, 132, 130, 129, 128, 127, 129, 130, 131, 130, 127, 124, 123, 125, 128, 130, 130, 126, 124, 125, 124, 125, 126, 123, 120, 120, 123, 126, 129, 131, 126, 122, 121, 117, 114, 112, 103, 95, 101, 113, 125, 136, 144, 140, 132, 130, 127, 123, 122, 118, 111, 
  106, 113, 124, 134, 144, 148, 144, 138, 133, 128, 124, 122, 120, 115, 115, 121, 128, 136, 144, 145, 142, 137, 133, 128, 123, 122, 119, 117, 120, 125, 129, 131, 136, 143, 140, 134, 133, 131, 126, 125, 127, 126, 123, 127, 128, 127, 130, 132, 129, 127, 128, 125, 123, 125, 127, 126, 126, 128, 129, 130, 130, 131, 129, 129, 128, 127, 128, 130, 129, 126, 124, 125, 127, 129, 131, 131, 128, 124, 122, 121, 123, 122, 117, 103, 92, 98, 109, 126, 142, 148, 142, 130, 124, 118, 117, 122, 121, 116, 111, 111, 
  116, 125, 141, 150, 149, 143, 133, 121, 114, 115, 119, 122, 126, 127, 126, 130, 137, 141, 144, 144, 137, 126, 117, 114, 114, 120, 128, 134, 135, 136, 135, 135, 134, 135, 129, 122, 124, 120, 118, 124, 131, 133, 136, 138, 135, 129, 127, 127, 125, 125, 127, 125, 123, 125, 127, 125, 128, 133, 131, 129, 129, 125, 123, 124, 128, 128, 128, 129, 127, 125, 126, 127, 126, 125, 126, 124, 123, 125, 126, 126, 126, 127, 127, 126, 127, 125, 123, 122, 123, 124, 123, 125, 127, 128, 129, 128, 125, 122, 119, 114, 
  110, 110, 114, 120, 129, 136, 139, 137, 133, 129, 125, 122, 123, 122, 120, 121, 123, 126, 130, 136, 139, 140, 138, 133, 127, 122, 120, 120, 121, 125, 129, 131, 132, 134, 135, 134, 134, 132, 128, 123, 119, 117, 118, 121, 127, 135, 138, 139, 138, 133, 128, 126, 126, 125, 125, 126, 125, 124, 126, 128, 130, 133, 135, 133, 130, 126, 123, 122, 125, 127, 128, 129, 129, 126, 126, 125, 126, 127, 128, 129, 127, 125, 125, 124, 122, 123, 123, 123, 125, 126, 125, 127, 127, 125, 124, 124, 123, 121, 122, 122, 
  124, 125, 127, 127, 126, 125, 126, 126, 125, 126, 128, 127, 126, 125, 124, 124, 123, 121, 119, 121, 123, 127, 133, 138, 137, 133, 129, 125, 123, 125, 128, 128, 130, 130, 128, 125, 124, 126, 128, 130, 132, 133, 130, 129, 127, 126, 125, 127, 128, 129, 129, 130, 129, 129, 130, 132, 133, 132, 131, 128, 125, 124, 125, 126, 129, 130, 130, 131, 130, 129, 130, 130, 131, 130, 127, 126, 123, 121, 121, 119, 116, 110, 111, 114, 118, 128, 137, 141, 140, 136, 129, 120, 116, 115, 116, 119, 123, 127, 128, 130, 
  132, 133, 134, 134, 134, 130, 125, 119, 117, 116, 119, 124, 129, 134, 137, 137, 134, 132, 130, 126, 124, 124, 123, 122, 123, 124, 125, 128, 132, 133, 135, 134, 132, 128, 125, 122, 121, 122, 124, 125, 125, 126, 128, 130, 131, 132, 133, 131, 127, 124, 122, 120, 121, 124, 126, 127, 129, 130, 129, 128, 129, 130, 129, 130, 129, 127, 125, 124, 124, 123, 124, 126, 127, 128, 129, 130, 130, 129, 128, 127, 125, 124, 123, 121, 122, 123, 125, 127, 129, 130, 129, 129, 126, 125, 123, 122, 123, 124, 125, 125, 
  126, 127, 126, 127, 126, 128, 128, 128, 127, 126, 124, 124, 123, 124, 126, 129, 130, 131, 130, 128, 127, 126, 125, 125, 126, 127, 127, 128, 128, 128, 127, 128, 128, 127, 127, 128, 127, 126, 127, 128, 129, 128, 130, 130, 129, 128, 129, 125, 125, 126, 128, 130, 131, 133, 132, 129, 128, 127, 125, 126, 126, 128, 129, 130, 130, 131, 130, 129, 128, 126, 125, 126, 125, 126, 127, 128, 129, 130, 131, 132, 133, 132, 126, 115, 108, 104, 102, 108, 118, 132, 141, 147, 149, 142, 132, 122, 115, 111, 111, 115, 
  121, 124, 127, 130, 131, 132, 133, 135, 135, 133, 129, 125, 119, 115, 116, 117, 120, 126, 133, 138, 140, 140, 137, 131, 126, 122, 119, 119, 120, 122, 125, 128, 130, 132, 133, 131, 129, 128, 127, 126, 127, 128, 127, 126, 125, 124, 122, 122, 125, 129, 134, 137, 139, 137, 133, 128, 121, 117, 115, 115, 118, 123, 128, 132, 133, 133, 131, 129, 126, 123, 123, 122, 121, 122, 123, 124, 125, 125, 127, 127, 128, 129, 128, 126, 125, 124, 122, 122, 123, 125, 126, 127, 128, 129, 127, 127, 128, 127, 126, 127, 
  127, 126, 126, 127, 127, 126, 127, 127, 128, 127, 128, 129, 130, 128, 128, 126, 125, 125, 126, 127, 128, 129, 130, 129, 128, 129, 128, 129, 129, 130, 131, 130, 129, 128, 126, 125, 126, 125, 126, 128, 129, 131, 131, 132, 130, 128, 127, 126, 126, 126, 127, 128, 130, 131, 130, 129, 128, 127, 125, 126, 125, 126, 127, 128, 127, 128, 127, 126, 126, 127, 128, 129, 130, 128, 124, 121, 117, 116, 117, 120, 125, 131, 135, 136, 136, 133, 129, 124, 121, 119, 118, 121, 122, 126, 128, 130, 130, 129, 128, 127, 