138, 147, 143, 145, 150, 154, 145, 148, 154, 147, 140, 133, 124, 140, 122, 105, 124, 107, 94, 86, 98, 101, 77, 88, 94, 93, 91, 88, 110, 107, 101, 114, 121, 131, 121, 124, 141, 140, 131, 133, 148, 145, 129, 138, 147, 138, 131, 138, 147, 138, 136, 145, 152, 147, 145, 159, 159, 154, 150, 157, 157, 145, 131, 124, 145, 114, 98, 128, 105, 88, 70, 100, 107, 60, 79, 94, 93, 82, 84, 114, 110, 101, 114, 126, 141, 122, 122, 147, 150, 133, 124, 154, 155, 124, 134, 152, 145, 124, 136, 155, 
  143, 136, 148, 162, 159, 147, 161, 167, 157, 150, 150, 147, 119, 136, 138, 96, 114, 105, 89, 81, 75, 108, 74, 65, 91, 81, 82, 79, 103, 108, 94, 115, 114, 129, 131, 121, 141, 140, 138, 136, 140, 154, 134, 138, 150, 148, 143, 141, 162, 159, 147, 166, 171, 169, 154, 152, 174, 157, 134, 122, 152, 147, 70, 93, 121, 94, 58, 58, 126, 88, 39, 82, 103, 88, 55, 98, 128, 91, 105, 122, 138, 136, 114, 136, 150, 145, 131, 134, 161, 143, 136, 148, 164, 161, 138, 164, 181, 164, 162, 167, 
  176, 167, 157, 148, 119, 157, 154, 67, 86, 126, 107, 58, 39, 121, 108, 27, 67, 114, 89, 37, 93, 140, 94, 91, 122, 150, 126, 112, 152, 155, 145, 133, 140, 167, 148, 136, 152, 178, 167, 143, 173, 194, 174, 147, 166, 200, 162, 103, 131, 197, 107, 46, 117, 134, 84, 11, 86, 126, 39, 30, 84, 115, 60, 51, 115, 117, 96, 94, 122, 154, 126, 119, 141, 162, 164, 126, 143, 178, 164, 145, 159, 197, 181, 154, 181, 192, 180, 162, 174, 157, 119, 173, 134, 72, 103, 114, 98, 41, 25, 114, 
  84, 22, 60, 108, 89, 41, 115, 127, 91, 94, 122, 157, 115, 126, 161, 154, 155, 147, 159, 166, 169, 176, 161, 183, 192, 180, 171, 169, 192, 178, 145, 121, 154, 155, 63, 77, 117, 110, 41, 23, 105, 74, 23, 37, 89, 96, 44, 68, 124, 112, 91, 105, 145, 147, 131, 141, 154, 171, 161, 155, 174, 187, 185, 167, 169, 200, 195, 167, 176, 199, 174, 101, 126, 180, 101, 58, 84, 126, 89, 8, 60, 84, 46, 30, 56, 98, 61, 61, 105, 101, 108, 115, 126, 129, 140, 164, 145, 147, 178, 181, 
  167, 167, 204, 202, 174, 190, 197, 194, 176, 174, 161, 110, 152, 155, 74, 72, 98, 115, 27, 9, 107, 74, 23, 32, 103, 91, 35, 89, 107, 101, 107, 124, 140, 124, 159, 167, 141, 171, 195, 185, 157, 178, 223, 192, 178, 195, 209, 194, 150, 124, 141, 173, 103, 53, 84, 108, 74, 9, 41, 93, 65, 30, 41, 94, 96, 72, 81, 98, 129, 131, 115, 124, 157, 178, 145, 141, 190, 206, 180, 164, 211, 230, 192, 173, 194, 214, 161, 94, 145, 171, 89, 51, 74, 107, 60, 13, 48, 65, 58, 46, 
  61, 79, 84, 107, 82, 91, 141, 148, 126, 115, 169, 190, 148, 155, 195, 206, 187, 178, 204, 200, 188, 187, 190, 164, 96, 141, 150, 74, 60, 79, 105, 51, 18, 68, 58, 48, 55, 72, 86, 84, 107, 91, 103, 145, 147, 134, 134, 178, 181, 157, 176, 190, 199, 194, 199, 206, 180, 180, 192, 176, 126, 81, 134, 117, 39, 49, 91, 82, 15, 32, 75, 56, 58, 65, 79, 82, 101, 110, 88, 124, 154, 145, 133, 157, 197, 178, 164, 190, 199, 206, 204, 199, 178, 173, 199, 185, 101, 72, 166, 121, 
  32, 35, 93, 98, 8, 28, 74, 65, 67, 77, 82, 77, 105, 131, 103, 115, 161, 171, 145, 147, 199, 188, 171, 192, 199, 204, 202, 199, 173, 152, 176, 192, 93, 84, 154, 98, 28, 28, 100, 68, 11, 55, 61, 61, 82, 98, 74, 60, 133, 143, 96, 122, 173, 181, 150, 174, 194, 174, 190, 204, 195, 192, 207, 195, 148, 167, 188, 94, 82, 133, 93, 39, 27, 77, 65, 15, 53, 65, 60, 75, 105, 98, 58, 127, 166, 121, 122, 162, 188, 155, 164, 197, 169, 183, 211, 204, 185, 181, 195, 162, 
  166, 166, 88, 94, 131, 94, 41, 23, 82, 81, 30, 48, 61, 74, 86, 103, 88, 68, 141, 164, 121, 124, 169, 194, 161, 178, 190, 164, 195, 207, 192, 174, 181, 188, 150, 164, 143, 68, 108, 114, 65, 35, 34, 84, 44, 27, 61, 60, 82, 96, 119, 93, 91, 167, 143, 117, 145, 178, 181, 162, 195, 176, 167, 206, 204, 188, 176, 187, 181, 148, 171, 129, 61, 112, 98, 51, 20, 44, 89, 34, 37, 60, 56, 91, 110, 117, 68, 88, 176, 138, 121, 157, 180, 173, 180, 194, 150, 181, 225, 204, 
  173, 169, 194, 167, 157, 161, 82, 84, 138, 93, 32, 13, 61, 77, 46, 60, 53, 65, 105, 128, 112, 74, 131, 166, 131, 136, 159, 174, 171, 197, 176, 143, 190, 216, 197, 171, 176, 185, 157, 176, 145, 61, 107, 124, 77, 27, 25, 67, 41, 44, 70, 46, 65, 122, 127, 70, 79, 164, 157, 136, 157, 162, 159, 185, 214, 162, 147, 200, 209, 192, 176, 180, 159, 161, 183, 100, 49, 108, 108, 65, 30, 41, 68, 56, 86, 75, 42, 86, 134, 112, 72, 117, 147, 133, 159, 169, 147, 155, 199, 195, 
  148, 167, 199, 194, 194, 183, 164, 133, 141, 162, 88, 63, 108, 84, 51, 44, 61, 44, 48, 100, 75, 56, 101, 126, 98, 100, 145, 128, 133, 176, 167, 148, 162, 192, 173, 157, 187, 181, 174, 190, 187, 159, 133, 167, 143, 67, 105, 112, 60, 44, 56, 72, 46, 74, 100, 58, 82, 124, 112, 84, 114, 154, 124, 147, 181, 152, 145, 176, 185, 155, 166, 188, 171, 173, 192, 181, 147, 140, 174, 131, 51, 96, 112, 61, 55, 67, 60, 39, 88, 101, 60, 81, 114, 103, 89, 128, 143, 117, 155, 185, 
  154, 154, 183, 176, 150, 174, 181, 159, 171, 188, 174, 147, 145, 166, 124, 75, 110, 108, 65, 68, 74, 60, 44, 82, 105, 68, 88, 112, 86, 86, 126, 145, 114, 134, 169, 147, 159, 180, 167, 154, 174, 183, 161, 167, 183, 171, 164, 161, 162, 141, 93, 101, 117, 88, 75, 72, 60, 51, 75, 98, 77, 75, 96, 93, 89, 110, 134, 121, 126, 155, 147, 147, 173, 178, 154, 145, 164, 161, 167, 181, 162, 148, 162, 171, 161, 148, 119, 94, 105, 103, 100, 89, 68, 63, 61, 86, 101, 89, 91, 81, 
  81, 100, 121, 129, 126, 141, 140, 134, 155, 171, 162, 145, 150, 162, 169, 180, 174, 159, 150, 154, 164, 164, 152, 103, 79, 107, 114, 107, 89, 70, 63, 75, 110, 110, 96, 96, 86, 79, 101, 129, 124, 115, 131, 129, 140, 159, 154, 140, 134, 148, 148, 155, 171, 164, 150, 147, 161, 162, 154, 159, 154, 121, 98, 115, 115, 103, 103, 91, 75, 70, 91, 103, 94, 101, 91, 72, 84, 117, 127, 119, 129, 134, 126, 140, 155, 141, 131, 141, 143, 140, 155, 161, 150, 154, 162, 155, 154, 157, 159, 155, 
  147, 128, 107, 105, 119, 121, 112, 100, 89, 82, 84, 100, 108, 103, 93, 75, 82, 107, 122, 126, 127, 133, 126, 131, 143, 138, 133, 136, 147, 147, 141, 150, 155, 154, 148, 147, 145, 152, 161, 152, 147, 141, 134, 129, 119, 119, 117, 108, 103, 98, 100, 98, 96, 98, 94, 100, 94, 89, 98, 103, 110, 121, 126, 124, 122, 131, 126, 121, 136, 147, 141, 141, 147, 152, 152, 150, 154, 150, 145, 141, 143, 150, 154, 147, 136, 133, 133, 124, 119, 117, 110, 105, 103, 105, 101, 98, 101, 100, 96, 100, 
  98, 96, 98, 103, 110, 117, 121, 122, 124, 126, 128, 129, 133, 143, 143, 141, 141, 145, 154, 150, 143, 145, 145, 145, 150, 152, 148, 145, 141, 138, 136, 131, 124, 121, 119, 114, 110, 110, 110, 105, 101, 101, 103, 101, 103, 101, 96, 100, 103, 108, 112, 117, 121, 122, 124, 126, 131, 129, 134, 138, 138, 140, 148, 152, 145, 143, 145, 145, 145, 140, 141, 143, 141, 140, 140, 138, 138, 133, 128, 124, 117, 114, 115, 112, 107, 103, 105, 108, 107, 103, 103, 105, 107, 107, 105, 107, 108, 112, 115, 119, 
  124, 128, 129, 131, 133, 133, 133, 134, 136, 140, 143, 145, 145, 147, 147, 145, 141, 138, 140, 140, 136, 136, 138, 136, 133, 131, 128, 124, 126, 121, 115, 115, 110, 108, 110, 112, 110, 107, 108, 108, 110, 112, 112, 110, 112, 110, 110, 119, 121, 119, 122, 126, 128, 131, 134, 134, 131, 133, 134, 136, 138, 140, 140, 138, 141, 140, 138, 141, 136, 133, 134, 136, 133, 134, 136, 134, 131, 129, 127, 126, 124, 117, 117, 115, 112, 114, 112, 110, 112, 110, 112, 110, 112, 114, 112, 110, 112, 112, 114, 117, 
  117, 121, 126, 128, 126, 129, 134, 131, 133, 134, 138, 136, 140, 140, 138, 140, 138, 141, 141, 140, 136, 134, 133, 134, 136, 134, 131, 131, 133, 131, 126, 128, 127, 124, 121, 117, 117, 114, 110, 114, 112, 112, 110, 110, 112, 114, 114, 115, 115, 114, 117, 119, 119, 119, 121, 122, 124, 126, 127, 129, 129, 128, 129, 131, 133, 134, 134, 133, 136, 136, 134, 134, 136, 136, 134, 131, 129, 131, 129, 131, 129, 131, 129, 131, 129, 129, 128, 129, 128, 126, 124, 122, 122, 119, 119, 117, 115, 114, 115, 114, 
  114, 112, 114, 115, 115, 114, 115, 115, 117, 119, 121, 121, 122, 124, 124, 126, 126, 128, 129, 129, 133, 134, 134, 133, 134, 134, 136, 136, 138, 138, 140, 138, 138, 136, 134, 133, 131, 133, 129, 126, 128, 128, 126, 122, 124, 122, 124, 124, 122, 124, 122, 121, 122, 121, 121, 119, 121, 119, 121, 119, 119, 117, 119, 121, 119, 121, 119, 121, 119, 121, 121, 122, 124, 122, 124, 122, 124, 126, 126, 126, 128, 126, 128, 128, 129, 131, 129, 131, 131, 133, 133, 131, 133, 134, 133, 134, 133, 134, 133, 131, 
  133, 131, 131, 129, 127, 129, 128, 128, 126, 127, 126, 128, 126, 124, 126, 124, 122, 124, 122, 124, 122, 122, 121, 119, 121, 119, 121, 119, 121, 119, 121, 119, 121, 121, 122, 121, 122, 122, 124, 124, 122, 124, 126, 126, 127, 126, 127, 128, 129, 128, 129, 131, 129, 131, 129, 131, 133, 131, 131, 133, 131, 133, 131, 133, 133, 131, 129, 131, 129, 129, 127, 127, 126, 127, 128, 126, 124, 126, 124, 126, 124, 126, 124, 126, 124, 122, 122, 124, 124, 122, 124, 122, 121, 122, 121, 122, 121, 122, 121, 122, 
  121, 122, 121, 121, 122, 121, 122, 121, 122, 124, 122, 124, 124, 122, 124, 122, 124, 126, 124, 126, 127, 126, 128, 129, 129, 131, 129, 131, 129, 131, 133, 131, 133, 134, 133, 133, 131, 133, 131, 129, 131, 131, 129, 127, 129, 127, 126, 127, 126, 126, 124, 126, 124, 122, 124, 122, 124, 122, 124, 122, 122, 124, 122, 124, 122, 124, 122, 124, 122, 124, 122, 124, 122, 124, 122, 124, 122, 124, 122, 124, 122, 124, 122, 124, 122, 124, 126, 124, 122, 124, 126, 126, 124, 126, 126, 128, 126, 128, 126, 127, 
  126, 127, 129, 129, 128, 129, 131, 129, 131, 129, 131, 129, 131, 131, 129, 131, 129, 131, 129, 128, 129, 129, 128, 126, 127, 126, 127, 126, 124, 126, 124, 126, 124, 124, 122, 124, 122, 124, 124, 122, 124, 122, 124, 122, 124, 122, 124, 122, 124, 124, 124, 124, 124, 124, 124, 124, 124, 124, 124, 124, 124, 124, 124, 124, 122, 124, 122, 124, 126, 124, 126, 124, 126, 128, 126, 127, 126, 127, 129, 127, 129, 127, 129, 127, 124, 121, 115, 119, 138, 154, 154, 161, 145, 82, 96, 161, 152, 122, 105, 103, 
  136, 161, 143, 115, 115, 115, 112, 136, 161, 143, 112, 108, 129, 147, 138, 94, 79, 128, 169, 147, 98, 89, 124, 150, 134, 107, 91, 117, 140, 129, 110, 107, 126, 138, 131, 115, 114, 121, 112, 88, 88, 124, 147, 122, 98, 115, 150, 161, 134, 117, 129, 148, 147, 117, 86, 105, 150, 155, 117, 96, 122, 157, 166, 150, 136, 145, 154, 141, 121, 119, 115, 101, 117, 138, 140, 131, 126, 126, 128, 122, 119, 126, 131, 136, 133, 122, 128, 140, 141, 136, 122, 112, 117, 117, 100, 89, 91, 96, 91, 86, 
  91, 98, 103, 107, 110, 114, 124, 136, 140, 133, 131, 136, 143, 140, 134, 131, 133, 131, 126, 128, 127, 131, 133, 134, 138, 138, 124, 131, 154, 159, 148, 148, 157, 171, 185, 166, 147, 161, 174, 161, 140, 136, 140, 143, 138, 119, 105, 110, 117, 79, 48, 86, 82, 48, 41, 56, 79, 77, 89, 91, 94, 117, 145, 143, 134, 152, 164, 161, 152, 154, 148, 134, 122, 112, 103, 96, 96, 89, 86, 98, 114, 117, 121, 131, 152, 171, 180, 180, 180, 190, 199, 192, 176, 167, 167, 169, 155, 140, 134, 136, 
  138, 136, 122, 112, 129, 134, 115, 100, 70, 39, 82, 103, 46, 20, 46, 81, 74, 79, 82, 89, 126, 155, 145, 119, 145, 169, 161, 143, 134, 126, 117, 108, 91, 75, 74, 88, 93, 94, 107, 127, 145, 157, 169, 180, 188, 200, 202, 192, 183, 181, 178, 171, 159, 147, 141, 143, 150, 143, 140, 148, 150, 145, 157, 155, 133, 112, 91, 37, 44, 84, 27, 0, 4, 60, 72, 101, 115, 96, 148, 202, 207, 154, 154, 180, 157, 143, 128, 89, 56, 56, 70, 60, 53, 74, 101, 129, 161, 180, 178, 190, 
  207, 214, 199, 188, 176, 155, 150, 147, 134, 121, 127, 136, 138, 148, 164, 171, 183, 194, 181, 166, 173, 173, 129, 89, 18, 0, 0, 55, 0, 0, 0, 56, 114, 180, 181, 145, 199, 240, 235, 173, 138, 108, 72, 81, 70, 23, 0, 16, 67, 100, 133, 145, 157, 199, 244, 239, 199, 173, 154, 155, 157, 140, 96, 84, 112, 136, 150, 157, 162, 171, 197, 223, 216, 194, 190, 190, 173, 145, 124, 103, 77, 58, 49, 0, 0, 60, 30, 48, 65, 98, 147, 223, 253, 166, 162, 162, 131, 110, 70, 39, 
  0, 16, 72, 79, 98, 119, 145, 173, 218, 216, 176, 157, 148, 138, 124, 115, 84, 77, 114, 148, 162, 167, 171, 174, 199, 218, 197, 176, 166, 162, 155, 152, 145, 127, 133, 150, 152, 145, 159, 147, 114, 89, 32, 0, 0, 75, 44, 56, 48, 84, 143, 228, 220, 152, 140, 108, 115, 108, 86, 44, 13, 48, 101, 140, 154, 140, 136, 150, 183, 185, 148, 119, 103, 103, 124, 133, 117, 121, 129, 159, 183, 183, 180, 164, 166, 178, 176, 169, 154, 147, 147, 155, 167, 171, 164, 154, 159, 166, 159, 133, 
  82, 44, 0, 0, 32, 79, 58, 86, 93, 133, 176, 247, 240, 131, 98, 74, 53, 58, 63, 48, 21, 84, 155, 192, 225, 216, 161, 129, 131, 110, 72, 60, 56, 55, 108, 169, 185, 195, 195, 183, 166, 164, 161, 131, 119, 128, 126, 145, 169, 174, 164, 171, 185, 187, 200, 200, 178, 140, 126, 117, 84, 65, 30, 0, 0, 48, 67, 140, 180, 162, 161, 194, 247, 169, 98, 51, 0, 0, 28, 89, 100, 128, 185, 197, 247, 255, 216, 128, 63, 25, 0, 8, 53, 74, 121, 194, 230, 244, 253, 211, 
  138, 94, 84, 77, 94, 131, 140, 150, 188, 206, 207, 209, 202, 173, 161, 178, 169, 150, 128, 105, 91, 100, 100, 48, 0, 0, 60, 117, 234, 207, 154, 115, 173, 187, 105, 103, 8, 0, 0, 75, 157, 180, 223, 197, 167, 214, 207, 140, 61, 11, 0, 0, 55, 138, 181, 225, 239, 207, 202, 197, 143, 81, 44, 34, 63, 145, 209, 206, 200, 197, 183, 190, 204, 183, 141, 129, 134, 145, 154, 161, 148, 129, 107, 49, 0, 0, 35, 103, 213, 220, 171, 124, 147, 181, 107, 86, 22, 0, 0, 61, 
  166, 204, 244, 228, 166, 173, 176, 124, 55, 11, 0, 0, 60, 169, 228, 253, 244, 181, 140, 147, 126, 82, 58, 56, 81, 150, 223, 232, 204, 185, 164, 162, 181, 185, 155, 136, 131, 119, 133, 161, 150, 121, 58, 0, 0, 28, 133, 234, 225, 185, 110, 133, 155, 107, 84, 2, 0, 0, 81, 187, 232, 255, 213, 159, 143, 134, 101, 53, 18, 0, 4, 84, 194, 254, 255, 228, 157, 117, 112, 110, 96, 82, 86, 112, 164, 218, 223, 201, 174, 159, 159, 174, 181, 166, 136, 119, 105, 110, 131, 143, 
  81, 0, 0, 39, 101, 232, 232, 180, 108, 107, 119, 93, 103, 55, 0, 4, 74, 169, 213, 249, 207, 133, 117, 114, 93, 74, 67, 37, 23, 89, 180, 227, 246, 209, 133, 89, 100, 112, 117, 122, 122, 121, 148, 195, 204, 190, 174, 150, 147, 174, 185, 169, 148, 121, 86, 89, 105, 74, 0, 0, 79, 107, 190, 221, 174, 115, 110, 101, 61, 82, 72, 39, 51, 122, 176, 199, 223, 185, 115, 86, 89, 77, 74, 88, 75, 70, 114, 178, 206, 213, 195, 133, 91, 98, 114, 124, 138, 143, 141, 159, 
  188, 192, 178, 171, 152, 147, 167, 176, 161, 140, 114, 86, 88, 81, 1, 6, 91, 124, 174, 200, 169, 107, 89, 105, 74, 70, 68, 58, 60, 119, 185, 194, 199, 178, 117, 82, 88, 86, 75, 89, 93, 82, 107, 159, 192, 194, 183, 145, 108, 107, 124, 134, 131, 134, 136, 150, 181, 195, 180, 164, 152, 152, 162, 171, 157, 131, 103, 86, 79, 77, 32, 60, 134, 166, 197, 173, 121, 74, 89, 91, 70, 79, 74, 67, 98, 161, 188, 181, 171, 133, 86, 81, 98, 100, 100, 107, 94, 89, 121, 162, 
  178, 178, 157, 121, 112, 133, 143, 145, 136, 131, 138, 161, 181, 180, 166, 161, 159, 166, 171, 166, 131, 94, 75, 74, 44, 1, 88, 150, 178, 206, 174, 115, 67, 81, 74, 65, 75, 79, 86, 119, 174, 185, 173, 155, 112, 75, 79, 96, 98, 110, 112, 95, 112, 152, 174, 169, 157, 129, 105, 119, 145, 154, 147, 145, 148, 159, 176, 180, 161, 145, 150, 161, 164, 166, 145, 112, 89, 84, 55, 8, 67, 145, 173, 192, 169, 110, 77, 96, 89, 74, 77, 77, 81, 110, 174, 187, 164, 145, 112, 77, 
  86, 110, 105, 101, 91, 91, 124, 164, 181, 164, 141, 119, 112, 133, 150, 147, 136, 136, 147, 162, 174, 173, 154, 145, 154, 162, 161, 145, 112, 86, 84, 84, 37, 37, 126, 167, 178, 173, 128, 77, 88, 107, 77, 74, 84, 91, 108, 164, 192, 166, 140, 117, 88, 82, 105, 107, 84, 79, 108, 141, 174, 194, 167, 126, 112, 115, 124, 136, 147, 143, 141, 161, 173, 166, 155, 150, 140, 147, 162, 162, 134, 108, 94, 96, 68, 32, 98, 152, 164, 173, 148, 103, 82, 107, 100, 79, 77, 79, 91, 133, 
  181, 180, 152, 133, 105, 89, 105, 114, 77, 55, 93, 141, 176, 195, 178, 133, 114, 122, 129, 134, 140, 140, 141, 159, 174, 164, 147, 140, 136, 145, 162, 164, 138, 117, 110, 103, 72, 28, 67, 134, 164, 174, 155, 110, 98, 124, 114, 84, 74, 65, 72, 124, 173, 174, 155, 138, 119, 101, 114, 112, 68, 49, 91, 141, 180, 195, 173, 124, 115, 131, 133, 127, 126, 127, 133, 161, 181, 169, 143, 134, 134, 145, 157, 157, 141, 122, 115, 114, 82, 25, 63, 127, 152, 161, 150, 117, 103, 129, 124, 94, 
  72, 68, 74, 112, 162, 171, 150, 140, 131, 119, 121, 119, 74, 41, 79, 134, 171, 192, 180, 140, 129, 143, 134, 117, 115, 119, 129, 155, 178, 164, 141, 136, 140, 141, 147, 140, 129, 129, 133, 131, 124, 88, 30, 67, 133, 147, 148, 131, 107, 112, 145, 134, 100, 77, 63, 77, 121, 157, 155, 136, 133, 134, 134, 141, 117, 65, 53, 93, 138, 162, 171, 154, 134, 145, 155, 141, 119, 112, 115, 131, 154, 161, 148, 138, 140, 143, 145, 140, 131, 126, 131, 138, 136, 127, 115, 81, 53, 98, 124, 121, 
  134, 121, 112, 133, 145, 128, 100, 88, 82, 96, 121, 133, 127, 124, 133, 140, 147, 141, 105, 77, 91, 119, 134, 145, 143, 136, 141, 162, 161, 140, 127, 121, 122, 136, 145, 138, 133, 140, 143, 145, 141, 134, 124, 129, 138, 140, 140, 134, 124, 114, 96, 81, 93, 108, 115, 121, 126, 122, 128, 140, 133, 117, 110, 100, 94, 105, 115, 114, 115, 126, 129, 129, 133, 129, 124, 127, 127, 126, 127, 131, 133, 134, 138, 138, 140, 141, 145, 143, 140, 136, 131, 131, 131, 128, 124, 128, 131, 134, 136, 136, 
  136, 131, 126, 121, 112, 98, 98, 105, 107, 114, 121, 119, 119, 126, 129, 126, 122, 119, 114, 114, 117, 121, 119, 117, 115, 117, 124, 131, 133, 134, 133, 129, 131, 133, 131, 127, 124, 126, 129, 131, 134, 134, 134, 133, 133, 131, 129, 127, 126, 127, 126, 127, 128, 129, 128, 128, 126, 128, 126, 128, 124, 121, 119, 121, 119, 121, 119, 117, 115, 115, 117, 121, 122, 122, 121, 119, 121, 121, 122, 122, 122, 124, 126, 128, 129, 131, 129, 129, 131, 129, 131, 131, 129, 129, 131, 133, 134, 136, 134, 133, 
  134, 131, 131, 129, 129, 128, 129, 128, 126, 128, 126, 124, 124, 122, 122, 121, 121, 119, 117, 115, 117, 115, 117, 115, 115, 117, 119, 121, 122, 121, 122, 124, 122, 124, 124, 126, 126, 127, 131, 129, 129, 131, 129, 128, 129, 128, 126, 127, 128, 129, 129, 131, 131, 129, 131, 129, 128, 129, 129, 128, 129, 128, 129, 128, 129, 128, 126, 128, 126, 128, 126, 128, 126, 124, 126, 124, 126, 124, 124, 122, 121, 122, 121, 119, 121, 119, 117, 119, 117, 119, 121, 121, 122, 124, 124, 126, 128, 127, 129, 127, 
  129, 129, 131, 133, 131, 133, 131, 129, 131, 131, 129, 127, 129, 128, 129, 127, 128, 129, 128, 126, 128, 126, 128, 126, 124, 122, 124, 122, 122, 121, 122, 119, 117, 119, 121, 119, 121, 121, 122, 121, 122, 124, 126, 124, 127, 129, 128, 128, 129, 128, 129, 131, 129, 129, 131, 131, 133, 134, 134, 133, 131, 133, 131, 131, 129, 128, 129, 128, 131, 129, 127, 129, 128, 126, 124, 122, 124, 122, 121, 119, 121, 122, 121, 121, 121, 119, 117, 119, 117, 119, 117, 119, 121, 121, 122, 126, 127, 128, 127, 126, 
  127, 126, 124, 122, 124, 124, 124, 126, 129, 129, 131, 133, 131, 133, 133, 131, 131, 133, 131, 133, 131, 131, 129, 128, 127, 128, 126, 126, 124, 122, 126, 124, 126, 124, 126, 124, 122, 124, 124, 121, 119, 119, 117, 115, 117, 115, 114, 115, 115, 119, 117, 121, 122, 121, 122, 124, 122, 124, 126, 126, 128, 129, 133, 131, 134, 134, 133, 134, 134, 133, 131, 133, 134, 133, 134, 134, 133, 134, 133, 131, 133, 133, 131, 129, 129, 126, 124, 122, 121, 117, 117, 115, 114, 114, 115, 115, 114, 115, 117, 117, 
  119, 121, 124, 122, 124, 128, 127, 129, 129, 128, 129, 128, 129, 128, 129, 128, 126, 128, 129, 129, 131, 131, 133, 131, 133, 134, 134, 136, 134, 133, 134, 133, 131, 129, 128, 126, 128, 128, 129, 127, 129, 127, 128, 126, 126, 124, 122, 119, 117, 115, 117, 115, 114, 112, 112, 114, 112, 114, 115, 117, 117, 119, 121, 121, 122, 122, 121, 122, 124, 124, 126, 127, 129, 131, 131, 133, 133, 134, 136, 138, 136, 138, 136, 138, 136, 138, 136, 134, 133, 133, 134, 133, 131, 131, 129, 124, 121, 122, 121, 114, 
  112, 110, 108, 108, 110, 110, 107, 108, 110, 114, 115, 119, 121, 119, 122, 124, 126, 127, 126, 124, 126, 126, 127, 128, 129, 131, 129, 133, 134, 136, 138, 140, 138, 140, 141, 140, 141, 140, 141, 140, 140, 138, 136, 134, 133, 131, 126, 121, 119, 119, 115, 114, 112, 110, 110, 108, 110, 108, 110, 110, 112, 114, 115, 117, 119, 121, 122, 122, 124, 124, 124, 122, 124, 126, 127, 129, 131, 129, 131, 134, 138, 138, 140, 141, 140, 141, 143, 141, 143, 141, 143, 140, 141, 140, 136, 136, 131, 124, 119, 119, 
  117, 115, 112, 110, 105, 101, 105, 108, 110, 108, 107, 107, 112, 115, 117, 117, 119, 121, 119, 121, 122, 122, 124, 122, 124, 126, 128, 129, 131, 133, 134, 134, 138, 140, 141, 143, 145, 145, 147, 145, 147, 145, 143, 141, 140, 138, 134, 128, 119, 117, 117, 114, 110, 105, 100, 101, 103, 105, 105, 107, 105, 105, 107, 112, 115, 117, 117, 115, 119, 121, 122, 122, 124, 122, 124, 126, 129, 129, 131, 133, 134, 136, 140, 141, 145, 147, 147, 147, 148, 148, 150, 148, 147, 143, 141, 138, 133, 126, 121, 119, 
  119, 112, 107, 103, 100, 101, 103, 105, 103, 105, 103, 105, 110, 114, 117, 119, 117, 117, 119, 121, 122, 124, 124, 122, 124, 127, 129, 133, 134, 136, 140, 141, 145, 148, 150, 152, 150, 152, 152, 154, 152, 150, 148, 145, 141, 134, 127, 121, 119, 115, 110, 103, 100, 100, 98, 100, 98, 101, 101, 98, 100, 107, 112, 114, 115, 115, 117, 117, 119, 121, 124, 122, 124, 126, 127, 131, 133, 136, 140, 140, 141, 145, 148, 150, 152, 154, 155, 157, 155, 154, 152, 148, 147, 141, 134, 124, 121, 119, 115, 107, 
  98, 94, 96, 96, 96, 100, 100, 94, 96, 100, 107, 110, 114, 114, 115, 115, 115, 119, 122, 124, 122, 124, 126, 127, 129, 136, 140, 141, 143, 145, 150, 154, 155, 157, 159, 159, 157, 159, 157, 152, 148, 145, 134, 124, 121, 119, 112, 105, 96, 94, 94, 93, 91, 96, 98, 93, 96, 98, 105, 110, 112, 114, 115, 114, 114, 119, 122, 124, 124, 126, 127, 128, 129, 138, 145, 145, 145, 148, 152, 155, 159, 161, 164, 164, 161, 161, 159, 154, 150, 143, 131, 124, 122, 115, 108, 101, 93, 91, 91, 89, 
  91, 94, 93, 91, 93, 98, 105, 108, 110, 114, 115, 114, 114, 117, 121, 122, 126, 128, 126, 128, 131, 140, 145, 147, 150, 152, 155, 159, 162, 167, 167, 167, 164, 162, 159, 154, 148, 138, 129, 122, 114, 107, 100, 93, 89, 89, 86, 89, 91, 89, 91, 91, 96, 101, 105, 110, 114, 114, 112, 114, 114, 119, 124, 126, 128, 127, 126, 131, 140, 145, 152, 154, 152, 157, 162, 167, 173, 174, 173, 169, 161, 157, 154, 143, 134, 127, 119, 110, 101, 91, 88, 89, 86, 86, 88, 89, 89, 91, 93, 100, 
  105, 107, 112, 112, 110, 112, 110, 117, 122, 124, 129, 128, 126, 128, 140, 154, 161, 161, 162, 164, 169, 178, 190, 190, 180, 161, 145, 150, 140, 119, 122, 121, 112, 112, 105, 88, 79, 70, 81, 103, 100, 93, 86, 68, 75, 94, 108, 126, 121, 96, 77, 65, 101, 154, 159, 152, 145, 131, 154, 187, 190, 178, 162, 176, 202, 211, 227, 225, 194, 174, 145, 103, 86, 8, 0, 65, 94, 115, 138, 100, 112, 134, 143, 122, 49, 23, 37, 56, 108, 133, 112, 131, 174, 204, 178, 101, 61, 67, 89, 126, 
  131, 105, 119, 173, 211, 213, 194, 174, 174, 199, 207, 194, 164, 138, 124, 98, 93, 114, 53, 0, 88, 129, 131, 129, 96, 110, 122, 174, 126, 44, 58, 67, 98, 141, 136, 119, 129, 181, 171, 82, 75, 89, 93, 126, 134, 110, 119, 181, 206, 183, 185, 181, 183, 214, 223, 195, 161, 154, 133, 98, 108, 110, 1, 11, 122, 112, 124, 115, 107, 115, 154, 173, 58, 21, 63, 77, 108, 128, 119, 108, 159, 204, 114, 67, 110, 101, 112, 134, 112, 100, 162, 216, 188, 178, 194, 192, 213, 235, 202, 164, 
  157, 140, 93, 96, 82, 0, 34, 129, 105, 117, 110, 122, 122, 157, 157, 49, 27, 67, 86, 101, 115, 119, 117, 169, 161, 91, 98, 121, 114, 119, 117, 107, 129, 187, 202, 180, 192, 202, 206, 220, 230, 188, 152, 129, 101, 101, 101, 23, 0, 88, 122, 131, 114, 112, 122, 159, 141, 48, 28, 53, 91, 103, 114, 108, 127, 169, 138, 112, 124, 121, 114, 119, 117, 114, 138, 178, 181, 181, 192, 204, 211, 221, 220, 185, 152, 114, 91, 105, 75, 0, 42, 107, 112, 124, 115, 124, 131, 159, 122, 44, 
  42, 74, 89, 98, 107, 114, 141, 143, 141, 152, 141, 127, 119, 121, 128, 136, 148, 159, 176, 195, 211, 221, 225, 218, 188, 150, 124, 103, 86, 49, 0, 60, 115, 115, 119, 126, 150, 174, 157, 56, 44, 67, 61, 70, 77, 93, 114, 134, 154, 173, 164, 154, 136, 124, 124, 124, 128, 145, 164, 178, 201, 216, 221, 228, 213, 161, 129, 122, 101, 1, 0, 84, 89, 100, 115, 124, 150, 183, 169, 65, 49, 72, 65, 58, 63, 74, 70, 117, 180, 171, 166, 174, 157, 145, 145, 121, 112, 152, 162, 164, 
  195, 214, 221, 225, 194, 159, 152, 141, 58, 0, 23, 89, 72, 84, 98, 138, 183, 197, 122, 49, 79, 88, 53, 41, 48, 34, 82, 167, 162, 161, 200, 190, 166, 155, 124, 103, 143, 159, 150, 183, 214, 218, 216, 202, 176, 173, 148, 48, 0, 39, 81, 41, 63, 96, 152, 188, 195, 103, 75, 122, 91, 42, 35, 27, 27, 110, 145, 136, 187, 216, 188, 174, 159, 119, 131, 147, 128, 148, 199, 206, 206, 223, 204, 181, 178, 141, 11, 0, 82, 60, 23, 61, 108, 152, 185, 157, 94, 128, 138, 72, 
  37, 23, 8, 55, 112, 110, 152, 214, 216, 188, 173, 152, 138, 140, 128, 124, 157, 188, 194, 199, 202, 199, 192, 161, 77, 2, 53, 70, 20, 32, 81, 131, 148, 148, 114, 119, 143, 98, 55, 20, 23, 65, 89, 100, 145, 206, 218, 199, 173, 169, 164, 141, 126, 138, 164, 176, 174, 183, 195, 200, 185, 159, 98, 28, 81, 77, 13, 39, 89, 126, 129, 131, 114, 134, 150, 94, 39, 15, 53, 75, 70, 107, 161, 204, 209, 188, 176, 183, 167, 133, 138, 159, 167, 166, 174, 183, 187, 183, 169, 122, 
  49, 70, 100, 39, 30, 72, 108, 122, 131, 112, 122, 152, 110, 51, 20, 61, 72, 53, 94, 145, 187, 202, 194, 174, 188, 181, 140, 141, 164, 166, 166, 176, 180, 188, 190, 171, 138, 70, 79, 94, 34, 34, 74, 98, 108, 124, 112, 121, 145, 101, 41, 35, 77, 61, 53, 105, 152, 183, 192, 187, 178, 190, 167, 140, 166, 169, 154, 161, 173, 178, 185, 174, 164, 136, 82, 103, 88, 35, 58, 84, 94, 107, 117, 110, 129, 126, 67, 32, 67, 75, 42, 82, 129, 155, 178, 187, 183, 197, 187, 152, 
  166, 176, 157, 155, 174, 174, 166, 164, 162, 157, 105, 98, 112, 60, 53, 79, 94, 103, 115, 114, 110, 138, 101, 37, 75, 88, 39, 63, 119, 141, 166, 173, 174, 204, 194, 150, 157, 187, 162, 154, 171, 178, 171, 161, 150, 157, 127, 81, 105, 67, 44, 74, 91, 100, 112, 115, 108, 138, 105, 39, 75, 94, 49, 74, 115, 133, 159, 169, 162, 192, 195, 155, 164, 190, 167, 155, 180, 180, 171, 164, 155, 152, 119, 67, 89, 96, 51, 65, 94, 98, 103, 108, 107, 140, 107, 39, 84, 100, 53, 70, 
  119, 131, 154, 167, 166, 190, 188, 162, 167, 187, 166, 161, 176, 180, 171, 157, 152, 164, 122, 60, 110, 89, 35, 65, 100, 101, 105, 114, 108, 140, 103, 42, 86, 98, 48, 74, 121, 126, 150, 162, 166, 192, 188, 159, 169, 190, 167, 159, 176, 183, 173, 157, 150, 157, 133, 56, 89, 96, 37, 60, 88, 98, 100, 114, 110, 136, 108, 51, 94, 94, 51, 70, 117, 122, 141, 161, 161, 185, 185, 157, 166, 190, 167, 150, 173, 185, 171, 152, 150, 162, 143, 65, 65, 117, 56, 34, 88, 100, 98, 105, 
  107, 129, 136, 68, 88, 114, 67, 68, 114, 122, 136, 161, 157, 181, 190, 164, 166, 192, 181, 155, 169, 185, 180, 155, 150, 159, 145, 79, 55, 110, 84, 37, 72, 103, 98, 96, 110, 119, 141, 86, 58, 110, 74, 55, 98, 129, 128, 147, 159, 178, 192, 167, 164, 185, 185, 161, 162, 183, 190, 169, 154, 161, 162, 110, 35, 82, 121, 42, 39, 91, 101, 89, 105, 114, 140, 140, 82, 101, 112, 61, 65, 117, 121, 129, 148, 161, 187, 180, 155, 171, 194, 173, 155, 169, 180, 180, 169, 148, 157, 159, 
  88, 53, 117, 82, 25, 56, 94, 93, 91, 108, 114, 138, 89, 61, 115, 105, 58, 77, 126, 122, 128, 145, 162, 181, 169, 155, 178, 190, 166, 159, 176, 181, 180, 166, 154, 155, 159, 108, 58, 117, 96, 20, 53, 100, 91, 86, 107, 117, 143, 122, 61, 100, 126, 60, 61, 122, 127, 122, 140, 161, 178, 176, 155, 159, 197, 174, 155, 176, 185, 176, 171, 162, 161, 159, 127, 63, 55, 98, 44, 30, 84, 98, 82, 93, 115, 122, 140, 100, 63, 114, 114, 49, 77, 133, 126, 119, 147, 166, 173, 167, 
  152, 166, 187, 166, 155, 180, 185, 166, 173, 178, 159, 148, 140, 86, 55, 107, 74, 20, 68, 101, 79, 82, 119, 124, 138, 129, 86, 84, 122, 91, 48, 100, 131, 117, 129, 159, 164, 167, 164, 150, 167, 180, 155, 154, 181, 174, 159, 178, 185, 162, 143, 148, 105, 58, 105, 70, 20, 65, 88, 72, 86, 124, 112, 136, 143, 121, 103, 93, 105, 81, 72, 100, 126, 126, 140, 157, 162, 167, 157, 154, 162, 166, 152, 145, 166, 169, 161, 173, 185, 173, 147, 138, 128, 70, 68, 86, 39, 46, 82, 82, 
  79, 112, 122, 121, 143, 131, 121, 121, 86, 79, 107, 88, 88, 129, 143, 134, 150, 161, 152, 157, 152, 143, 157, 166, 155, 162, 171, 167, 166, 173, 180, 166, 141, 133, 100, 70, 100, 72, 30, 63, 88, 74, 88, 117, 124, 140, 148, 134, 133, 147, 114, 55, 94, 115, 70, 86, 134, 140, 138, 157, 150, 155, 173, 148, 133, 162, 171, 140, 145, 169, 167, 162, 169, 173, 183, 162, 117, 94, 77, 89, 63, 25, 42, 84, 94, 79, 107, 136, 152, 148, 138, 141, 147, 126, 93, 86, 74, 84, 98, 86, 
  101, 141, 154, 141, 154, 166, 159, 152, 147, 140, 150, 152, 147, 155, 166, 164, 161, 176, 183, 176, 169, 141, 114, 84, 65, 77, 48, 28, 48, 84, 100, 100, 127, 148, 167, 161, 148, 141, 141, 122, 94, 89, 93, 89, 65, 82, 112, 124, 126, 141, 161, 167, 167, 150, 141, 147, 141, 127, 129, 143, 147, 148, 152, 161, 171, 176, 174, 174, 176, 174, 138, 94, 61, 35, 74, 65, 15, 39, 105, 119, 114, 148, 169, 187, 183, 145, 124, 131, 115, 68, 55, 72, 84, 88, 100, 110, 128, 148, 161, 152, 
  148, 157, 147, 131, 128, 121, 114, 122, 128, 127, 140, 150, 152, 161, 171, 173, 171, 169, 166, 162, 162, 162, 150, 133, 112, 84, 46, 49, 98, 75, 44, 93, 134, 131, 141, 145, 140, 159, 148, 100, 81, 96, 86, 67, 72, 88, 110, 140, 152, 143, 161, 187, 167, 122, 112, 107, 82, 89, 93, 89, 114, 154, 161, 157, 174, 174, 161, 154, 141, 128, 131, 133, 121, 124, 147, 147, 143, 155, 167, 173, 183, 185, 166, 141, 124, 81, 25, 49, 67, 27, 37, 86, 114, 138, 167, 155, 152, 174, 159, 107, 
  88, 84, 70, 65, 68, 74, 91, 138, 159, 152, 169, 187, 180, 162, 143, 112, 91, 75, 60, 74, 86, 98, 134, 169, 176, 180, 183, 171, 152, 138, 119, 101, 103, 114, 114, 122, 136, 148, 159, 169, 171, 164, 169, 173, 166, 161, 161, 148, 129, 115, 91, 56, 53, 16, 41, 89, 88, 94, 117, 162, 166, 171, 152, 119, 108, 110, 84, 51, 58, 74, 96, 124, 145, 155, 171, 190, 187, 162, 145, 126, 103, 91, 86, 75, 82, 108, 114, 126, 162, 169, 164, 159, 141, 129, 115, 110, 101, 96, 108, 121, 
  131, 143, 150, 155, 157, 161, 155, 145, 141, 140, 141, 141, 141, 138, 138, 148, 157, 157, 161, 157, 141, 119, 101, 84, 88, 79, 27, 49, 86, 94, 115, 124, 128, 143, 178, 159, 107, 100, 94, 77, 91, 91, 77, 91, 138, 164, 161, 176, 171, 150, 155, 148, 119, 89, 88, 91, 100, 124, 131, 131, 147, 164, 169, 155, 138, 105, 84, 105, 112, 105, 112, 122, 133, 154, 171, 161, 141, 143, 141, 134, 138, 133, 119, 122, 141, 145, 147, 152, 147, 141, 147, 152, 150, 143, 136, 131, 134, 140, 110, 79, 
  75, 68, 84, 100, 70, 63, 88, 114, 136, 143, 140, 114, 108, 121, 112, 105, 94, 84, 84, 108, 136, 141, 147, 145, 141, 147, 152, 141, 117, 105, 100, 100, 114, 126, 129, 133, 145, 152, 155, 154, 143, 129, 117, 108, 96, 100, 107, 115, 129, 147, 155, 159, 161, 157, 145, 138, 129, 121, 119, 121, 122, 126, 136, 143, 143, 145, 147, 141, 140, 138, 133, 128, 128, 127, 126, 127, 131, 128, 134, 143, 138, 131, 121, 107, 93, 82, 68, 55, 67, 93, 103, 119, 138, 136, 136, 145, 141, 124, 110, 98, 
  84, 86, 101, 110, 121, 136, 147, 148, 155, 155, 141, 128, 119, 107, 100, 107, 114, 121, 129, 143, 150, 155, 161, 155, 143, 133, 121, 108, 108, 112, 115, 121, 127, 131, 140, 143, 140, 138, 133, 133, 134, 134, 133, 131, 131, 129, 131, 134, 136, 136, 134, 131, 129, 128, 126, 129, 131, 133, 131, 126, 121, 119, 122, 128, 131, 131, 124, 121, 122, 121, 122, 124, 119, 114, 114, 119, 124, 129, 133, 124, 117, 115, 108, 103, 100, 84, 70, 81, 101, 122, 141, 155, 148, 134, 131, 126, 119, 117, 110, 98, 
  89, 101, 121, 138, 155, 162, 155, 145, 136, 127, 121, 117, 114, 105, 105, 115, 128, 141, 155, 157, 152, 143, 136, 127, 119, 117, 112, 108, 114, 122, 129, 133, 141, 154, 148, 138, 136, 133, 124, 122, 126, 124, 119, 126, 128, 126, 131, 134, 129, 126, 128, 122, 119, 122, 126, 124, 124, 127, 129, 131, 131, 133, 129, 129, 127, 126, 128, 131, 129, 124, 121, 122, 126, 129, 133, 133, 128, 121, 117, 115, 119, 117, 108, 84, 65, 75, 94, 124, 152, 162, 152, 131, 121, 110, 108, 117, 115, 107, 98, 98, 
  107, 122, 150, 166, 164, 154, 136, 115, 103, 105, 112, 117, 124, 126, 124, 131, 143, 150, 155, 155, 143, 124, 108, 103, 103, 114, 127, 138, 140, 141, 140, 140, 138, 140, 129, 117, 121, 114, 110, 121, 133, 136, 141, 145, 140, 129, 126, 126, 122, 122, 126, 122, 119, 122, 126, 122, 128, 136, 133, 129, 129, 122, 119, 121, 128, 127, 128, 129, 126, 122, 124, 126, 124, 122, 124, 121, 119, 122, 124, 124, 124, 126, 126, 124, 126, 122, 119, 117, 119, 121, 119, 122, 126, 128, 129, 128, 122, 117, 112, 103, 
  96, 96, 103, 114, 129, 141, 147, 143, 136, 129, 122, 117, 119, 117, 114, 115, 119, 124, 131, 141, 147, 148, 145, 136, 126, 117, 114, 114, 115, 122, 129, 133, 134, 138, 140, 138, 138, 134, 128, 119, 112, 108, 110, 115, 126, 140, 145, 147, 145, 136, 127, 124, 124, 122, 122, 124, 122, 121, 124, 127, 131, 136, 140, 136, 131, 124, 119, 117, 122, 126, 128, 129, 129, 124, 124, 122, 124, 126, 128, 129, 126, 122, 122, 121, 117, 119, 119, 119, 122, 124, 122, 126, 126, 122, 121, 121, 119, 115, 117, 117, 
  121, 122, 126, 126, 124, 122, 124, 124, 122, 124, 127, 126, 124, 122, 121, 121, 119, 115, 112, 115, 119, 126, 136, 145, 143, 136, 129, 122, 119, 122, 127, 128, 131, 131, 128, 122, 121, 124, 128, 131, 134, 136, 131, 129, 126, 124, 122, 126, 128, 129, 129, 131, 129, 129, 131, 134, 136, 134, 133, 128, 122, 121, 122, 124, 129, 131, 131, 133, 131, 129, 131, 131, 133, 131, 126, 124, 119, 115, 115, 112, 107, 96, 98, 103, 110, 128, 143, 150, 148, 141, 129, 114, 107, 105, 107, 112, 119, 126, 128, 131, 
  134, 136, 138, 138, 138, 131, 122, 112, 108, 107, 112, 121, 129, 138, 143, 143, 138, 134, 131, 124, 121, 121, 119, 117, 119, 121, 122, 127, 134, 136, 140, 138, 134, 127, 122, 117, 115, 117, 121, 122, 122, 124, 128, 131, 133, 134, 136, 133, 126, 121, 117, 114, 115, 121, 124, 126, 129, 131, 129, 128, 129, 131, 129, 131, 129, 126, 122, 121, 121, 119, 121, 124, 126, 127, 129, 131, 131, 129, 127, 126, 122, 121, 119, 115, 117, 119, 122, 126, 129, 131, 129, 129, 124, 122, 119, 117, 119, 121, 122, 122, 
  124, 126, 124, 126, 124, 127, 128, 128, 126, 124, 121, 121, 119, 121, 124, 129, 131, 133, 131, 128, 126, 124, 122, 122, 124, 126, 126, 128, 127, 128, 126, 128, 127, 126, 126, 127, 126, 124, 126, 128, 129, 127, 131, 131, 129, 128, 129, 122, 122, 124, 127, 131, 133, 136, 134, 129, 128, 126, 122, 124, 124, 127, 129, 131, 131, 133, 131, 129, 128, 124, 122, 124, 122, 124, 126, 128, 129, 131, 133, 134, 136, 134, 124, 105, 93, 86, 82, 93, 110, 134, 150, 161, 164, 152, 134, 117, 105, 98, 98, 105, 
  115, 121, 126, 131, 133, 134, 136, 140, 140, 136, 129, 122, 112, 105, 107, 108, 114, 124, 136, 145, 148, 148, 143, 133, 124, 117, 112, 112, 114, 117, 122, 127, 131, 134, 136, 133, 129, 127, 126, 124, 126, 128, 126, 124, 122, 121, 117, 117, 122, 129, 138, 143, 147, 143, 136, 128, 115, 108, 105, 105, 110, 119, 128, 134, 136, 136, 133, 129, 124, 119, 119, 117, 115, 117, 119, 121, 122, 122, 126, 126, 128, 129, 128, 124, 122, 121, 117, 117, 119, 122, 124, 126, 128, 129, 126, 126, 128, 126, 124, 126, 
  126, 124, 124, 126, 126, 124, 126, 126, 128, 126, 127, 129, 131, 127, 128, 124, 122, 122, 124, 126, 128, 129, 131, 129, 128, 129, 128, 129, 129, 131, 133, 131, 129, 128, 124, 122, 124, 122, 124, 128, 129, 133, 133, 134, 131, 127, 126, 124, 124, 124, 126, 128, 131, 133, 131, 129, 128, 126, 122, 124, 122, 124, 126, 128, 126, 128, 126, 124, 124, 126, 128, 129, 131, 127, 121, 115, 108, 107, 108, 114, 122, 133, 140, 141, 141, 136, 129, 121, 115, 112, 110, 115, 117, 124, 127, 131, 131, 129, 127, 126,