138, 144, 146, 145, 143, 143, 145, 147, 150, 153, 153, 149, 145, 145, 148, 152, 154, 151, 147, 142, 140, 138, 133, 126, 124, 131, 140, 138, 122, 106, 105, 116, 124, 119, 107, 98, 94, 90, 86, 88, 98, 106, 102, 88, 77, 78, 88, 94, 94, 92, 93, 94, 91, 86, 88, 98, 110, 113, 107, 100, 101, 108, 114, 116, 120, 127, 131, 128, 120, 118, 124, 134, 141, 143, 140, 135, 131, 129, 133, 141, 148, 150, 145, 135, 129, 131, 138, 145, 147, 143, 138, 133, 131, 132, 138, 144, 147, 143, 138, 135, 
  136, 140, 145, 149, 152, 151, 147, 143, 145, 152, 159, 161, 159, 156, 153, 151, 150, 152, 157, 160, 157, 151, 145, 139, 131, 123, 124, 135, 145, 137, 114, 95, 98, 116, 128, 120, 105, 94, 88, 78, 70, 78, 100, 116, 107, 80, 60, 62, 79, 92, 95, 93, 93, 89, 83, 78, 84, 99, 114, 117, 110, 102, 102, 107, 113, 118, 126, 136, 141, 135, 123, 116, 122, 135, 147, 151, 150, 143, 133, 124, 124, 136, 154, 163, 155, 137, 124, 124, 134, 145, 152, 152, 145, 133, 124, 125, 136, 149, 156, 152, 
  143, 137, 136, 141, 148, 156, 162, 164, 159, 151, 147, 151, 160, 167, 168, 162, 157, 153, 150, 149, 150, 152, 147, 132, 119, 120, 136, 148, 138, 113, 96, 100, 114, 116, 105, 93, 89, 89, 80, 71, 76, 94, 108, 99, 74, 58, 65, 82, 91, 87, 80, 81, 83, 80, 79, 87, 103, 113, 108, 97, 95, 105, 115, 117, 114, 118, 129, 136, 131, 122, 120, 130, 142, 144, 139, 137, 138, 139, 136, 134, 140, 150, 153, 146, 135, 131, 138, 146, 150, 150, 148, 147, 143, 140, 141, 151, 162, 166, 159, 149, 
  147, 155, 166, 171, 171, 170, 169, 164, 154, 147, 152, 165, 175, 170, 157, 144, 135, 126, 122, 131, 152, 164, 147, 105, 70, 68, 93, 116, 121, 109, 94, 78, 58, 46, 58, 94, 126, 124, 87, 49, 39, 57, 82, 98, 103, 100, 88, 67, 55, 66, 98, 126, 128, 108, 91, 92, 105, 117, 122, 128, 138, 143, 136, 122, 114, 121, 136, 148, 150, 148, 145, 139, 131, 127, 134, 150, 161, 156, 143, 135, 136, 142, 148, 155, 164, 168, 161, 146, 138, 146, 164, 179, 181, 173, 164, 161, 162, 165, 168, 172, 
  176, 175, 168, 159, 157, 157, 149, 131, 119, 129, 157, 173, 153, 107, 67, 61, 86, 114, 126, 121, 106, 86, 58, 36, 39, 75, 121, 137, 108, 58, 27, 35, 66, 98, 114, 111, 89, 57, 37, 51, 93, 131, 140, 119, 94, 85, 91, 105, 122, 140, 150, 145, 126, 110, 112, 131, 152, 160, 155, 149, 145, 140, 133, 130, 140, 157, 167, 163, 148, 138, 136, 142, 152, 166, 178, 180, 168, 150, 143, 153, 173, 189, 193, 188, 175, 158, 147, 148, 166, 189, 200, 190, 162, 128, 103, 102, 131, 175, 197, 170, 
  107, 53, 46, 79, 117, 136, 135, 118, 84, 38, 11, 31, 86, 130, 126, 83, 39, 21, 30, 54, 84, 109, 115, 94, 60, 40, 51, 85, 115, 125, 117, 104, 96, 93, 95, 103, 122, 144, 154, 144, 126, 115, 119, 131, 141, 151, 162, 170, 164, 144, 126, 125, 143, 166, 178, 175, 164, 152, 145, 146, 159, 180, 197, 198, 182, 161, 153, 164, 182, 192, 192, 187, 180, 170, 162, 164, 175, 177, 157, 127, 119, 143, 173, 172, 135, 90, 72, 83, 103, 114, 114, 108, 98, 75, 41, 15, 25, 69, 114, 120, 
  84, 40, 22, 33, 60, 87, 108, 112, 89, 54, 41, 69, 115, 139, 128, 103, 91, 91, 95, 102, 122, 148, 157, 140, 115, 108, 126, 150, 160, 158, 154, 155, 155, 151, 147, 149, 159, 166, 166, 165, 169, 176, 176, 167, 161, 167, 183, 193, 192, 185, 179, 176, 171, 166, 169, 181, 192, 191, 178, 161, 145, 130, 120, 129, 154, 172, 155, 107, 63, 55, 77, 104, 117, 119, 110, 83, 41, 12, 23, 67, 105, 105, 74, 40, 23, 24, 37, 61, 89, 105, 96, 69, 44, 43, 69, 102, 124, 125, 112, 98, 
  91, 93, 105, 125, 145, 153, 147, 135, 131, 135, 141, 147, 154, 163, 171, 169, 161, 154, 155, 164, 174, 182, 187, 188, 185, 177, 167, 163, 169, 185, 200, 205, 195, 179, 167, 167, 176, 189, 199, 196, 175, 136, 101, 96, 126, 167, 180, 150, 101, 66, 58, 67, 84, 106, 126, 125, 89, 37, 8, 21, 60, 86, 84, 64, 46, 35, 30, 36, 56, 84, 98, 87, 61, 49, 62, 87, 105, 106, 102, 102, 108, 113, 115, 119, 126, 130, 129, 130, 140, 155, 164, 158, 145, 138, 147, 164, 178, 183, 181, 175, 
  168, 163, 167, 184, 204, 212, 202, 184, 175, 179, 190, 196, 197, 196, 193, 186, 176, 171, 174, 176, 161, 131, 110, 120, 152, 172, 155, 111, 74, 63, 72, 84, 98, 114, 115, 83, 27, 0, 9, 64, 107, 106, 74, 41, 23, 19, 32, 65, 103, 116, 91, 51, 35, 56, 89, 108, 106, 101, 102, 105, 106, 111, 124, 138, 139, 130, 124, 136, 159, 173, 168, 150, 141, 151, 171, 188, 195, 193, 185, 171, 157, 157, 178, 208, 223, 214, 192, 177, 178, 186, 195, 203, 209, 208, 193, 171, 150, 134, 124, 125, 
  142, 165, 172, 149, 103, 65, 53, 64, 84, 101, 108, 100, 74, 36, 9, 11, 41, 76, 93, 86, 65, 44, 30, 28, 41, 68, 94, 105, 96, 80, 72, 74, 81, 88, 98, 114, 129, 136, 131, 121, 115, 116, 124, 138, 157, 174, 178, 165, 145, 133, 141, 165, 190, 204, 206, 196, 180, 165, 164, 183, 211, 231, 230, 213, 192, 177, 173, 179, 194, 209, 214, 198, 161, 117, 94, 107, 145, 175, 171, 134, 89, 60, 51, 57, 74, 95, 107, 94, 60, 25, 13, 26, 48, 62, 65, 63, 58, 51, 46, 49, 
  62, 74, 79, 78, 84, 98, 107, 99, 82, 76, 91, 119, 141, 150, 148, 139, 126, 114, 115, 137, 169, 192, 190, 170, 148, 143, 155, 177, 195, 205, 206, 198, 187, 177, 178, 190, 204, 208, 200, 192, 188, 188, 186, 186, 190, 188, 164, 124, 96, 106, 141, 165, 150, 110, 73, 59, 60, 67, 79, 96, 105, 89, 51, 19, 18, 44, 68, 71, 58, 48, 47, 52, 55, 60, 72, 83, 86, 82, 84, 96, 107, 103, 91, 88, 103, 128, 145, 149, 146, 141, 135, 129, 134, 154, 178, 189, 181, 165, 157, 164, 
  176, 185, 190, 195, 198, 198, 194, 193, 198, 206, 206, 194, 179, 174, 180, 189, 192, 187, 176, 157, 125, 92, 81, 101, 134, 145, 117, 71, 39, 34, 49, 72, 91, 98, 82, 48, 15, 8, 32, 63, 75, 68, 56, 54, 58, 62, 65, 71, 79, 82, 82, 88, 102, 113, 110, 95, 88, 99, 124, 145, 154, 152, 145, 137, 133, 138, 157, 181, 197, 194, 178, 164, 164, 177, 190, 197, 199, 202, 206, 207, 204, 201, 199, 191, 178, 169, 173, 187, 199, 200, 185, 150, 101, 65, 72, 119, 166, 167, 121, 65, 
  32, 25, 36, 60, 93, 114, 98, 51, 8, 1, 28, 60, 74, 71, 65, 64, 67, 71, 77, 82, 82, 79, 77, 86, 105, 125, 131, 119, 103, 100, 115, 140, 161, 171, 171, 161, 145, 136, 146, 174, 199, 203, 188, 172, 171, 181, 192, 196, 199, 202, 204, 203, 202, 202, 199, 188, 173, 159, 152, 157, 176, 196, 192, 150, 93, 64, 84, 129, 154, 138, 98, 57, 29, 16, 28, 64, 100, 103, 68, 26, 11, 29, 54, 65, 62, 57, 61, 71, 82, 92, 98, 92, 74, 56, 60, 91, 133, 154, 143, 115, 
  96, 101, 122, 149, 173, 185, 181, 164, 150, 154, 174, 192, 194, 182, 174, 178, 190, 200, 204, 201, 195, 191, 192, 199, 207, 208, 195, 171, 148, 146, 168, 192, 188, 148, 95, 68, 82, 115, 133, 121, 93, 63, 39, 24, 27, 49, 77, 86, 65, 31, 15, 27, 53, 67, 65, 59, 60, 66, 75, 89, 105, 112, 98, 70, 58, 81, 127, 163, 166, 143, 121, 114, 122, 140, 162, 182, 188, 176, 155, 148, 164, 188, 197, 185, 169, 168, 183, 202, 211, 210, 204, 195, 185, 178, 181, 192, 195, 182, 162, 154, 
  166, 178, 166, 127, 88, 76, 94, 121, 131, 119, 94, 67, 41, 22, 23, 49, 82, 97, 81, 49, 30, 33, 48, 58, 61, 66, 74, 80, 86, 94, 103, 103, 88, 68, 68, 98, 141, 168, 164, 141, 121, 115, 124, 144, 169, 190, 194, 178, 160, 160, 178, 194, 190, 173, 164, 175, 195, 208, 207, 200, 192, 183, 174, 173, 181, 191, 188, 169, 150, 149, 164, 169, 143, 98, 68, 77, 108, 126, 114, 87, 65, 50, 35, 25, 34, 62, 84, 76, 44, 21, 27, 48, 61, 61, 60, 69, 82, 90, 96, 108, 
  119, 115, 93, 76, 91, 132, 167, 169, 143, 120, 117, 129, 145, 161, 178, 188, 181, 166, 162, 177, 195, 195, 176, 162, 167, 188, 206, 210, 204, 196, 188, 181, 176, 179, 187, 191, 181, 162, 148, 155, 171, 167, 129, 81, 61, 81, 112, 119, 98, 71, 51, 35, 20, 19, 44, 78, 89, 67, 34, 22, 37, 56, 60, 54, 56, 72, 91, 103, 110, 117, 117, 98, 68, 58, 88, 141, 176, 169, 138, 117, 120, 139, 157, 171, 180, 180, 173, 169, 180, 195, 194, 172, 150, 153, 181, 212, 225, 219, 204, 188, 
  173, 165, 169, 184, 194, 187, 167, 154, 157, 168, 160, 125, 82, 64, 84, 120, 138, 125, 93, 59, 32, 15, 13, 31, 62, 81, 77, 58, 46, 50, 60, 60, 53, 52, 65, 86, 105, 118, 127, 128, 112, 87, 74, 91, 131, 163, 166, 148, 131, 129, 136, 147, 159, 170, 174, 171, 171, 182, 197, 197, 176, 150, 143, 161, 190, 211, 216, 210, 197, 183, 171, 168, 176, 186, 185, 171, 157, 160, 176, 178, 145, 93, 62, 72, 107, 129, 124, 102, 77, 51, 27, 14, 25, 50, 67, 60, 41, 32, 44, 63, 
  70, 60, 46, 46, 65, 95, 122, 135, 128, 101, 70, 58, 79, 125, 164, 173, 157, 139, 136, 146, 157, 162, 162, 160, 159, 166, 185, 207, 215, 196, 162, 140, 147, 174, 200, 211, 209, 201, 192, 182, 176, 177, 179, 173, 159, 151, 160, 180, 183, 153, 100, 56, 49, 76, 108, 120, 108, 86, 65, 46, 30, 27, 41, 60, 68, 62, 56, 67, 86, 92, 75, 52, 42, 57, 86, 116, 134, 133, 112, 84, 72, 86, 117, 142, 147, 138, 133, 142, 159, 171, 169, 158, 147, 144, 155, 177, 199, 208, 195, 169, 
  148, 149, 167, 189, 199, 197, 194, 193, 193, 190, 183, 175, 164, 149, 133, 128, 141, 161, 162, 133, 87, 58, 63, 90, 108, 104, 84, 64, 51, 44, 44, 53, 61, 59, 44, 35, 47, 77, 100, 97, 75, 56, 56, 76, 101, 121, 126, 116, 98, 89, 100, 125, 145, 143, 128, 120, 133, 158, 176, 178, 167, 155, 148, 150, 162, 180, 192, 189, 173, 157, 157, 171, 187, 190, 181, 173, 174, 183, 190, 191, 187, 176, 159, 140, 133, 145, 167, 172, 143, 96, 67, 75, 105, 123, 112, 84, 60, 48, 44, 47, 
  56, 69, 72, 60, 46, 49, 74, 98, 100, 79, 58, 59, 82, 109, 124, 124, 112, 95, 84, 89, 114, 142, 154, 142, 124, 124, 147, 172, 181, 170, 152, 142, 145, 159, 176, 187, 185, 170, 155, 153, 166, 182, 188, 182, 171, 167, 173, 184, 192, 191, 181, 165, 147, 136, 140, 157, 174, 169, 131, 80, 51, 62, 96, 119, 112, 85, 62, 53, 54, 60, 67, 68, 60, 44, 39, 56, 88, 108, 101, 78, 60, 62, 81, 101, 114, 113, 103, 91, 89, 103, 127, 145, 143, 127, 117, 128, 155, 180, 185, 171, 
  154, 146, 153, 169, 183, 187, 176, 159, 150, 157, 174, 185, 182, 168, 159, 160, 171, 183, 188, 185, 175, 160, 146, 140, 145, 158, 165, 155, 124, 90, 75, 87, 110, 121, 108, 83, 65, 62, 68, 73, 74, 69, 60, 48, 44, 57, 82, 104, 105, 87, 68, 69, 88, 107, 112, 101, 86, 79, 86, 103, 126, 143, 145, 130, 113, 114, 135, 160, 169, 160, 147, 146, 159, 173, 180, 177, 167, 157, 154, 160, 174, 185, 183, 172, 160, 159, 168, 179, 183, 179, 171, 166, 164, 162, 161, 161, 162, 158, 142, 115, 
  93, 89, 102, 116, 117, 104, 88, 78, 75, 75, 72, 67, 60, 53, 51, 59, 75, 92, 98, 90, 77, 70, 76, 87, 96, 97, 93, 89, 89, 96, 110, 126, 134, 131, 121, 116, 126, 143, 155, 155, 146, 142, 147, 159, 173, 180, 178, 168, 153, 144, 145, 155, 164, 165, 161, 160, 167, 178, 182, 175, 162, 152, 148, 153, 162, 169, 171, 167, 160, 155, 148, 137, 119, 102, 95, 98, 105, 107, 103, 100, 100, 97, 89, 77, 68, 65, 63, 61, 61, 70, 86, 99, 101, 95, 89, 89, 91, 88, 81, 77, 
  81, 90, 100, 110, 121, 128, 129, 126, 126, 132, 141, 144, 140, 134, 134, 143, 155, 166, 171, 170, 162, 152, 145, 144, 150, 157, 162, 165, 169, 175, 180, 180, 174, 166, 159, 153, 150, 150, 154, 160, 164, 165, 164, 161, 152, 131, 103, 82, 79, 91, 107, 114, 113, 110, 107, 100, 89, 78, 70, 66, 63, 65, 76, 94, 110, 116, 110, 101, 96, 96, 96, 93, 86, 79, 79, 87, 101, 118, 129, 131, 124, 116, 115, 123, 131, 132, 129, 130, 140, 152, 159, 158, 154, 147, 140, 134, 134, 141, 148, 151, 
  148, 149, 155, 165, 171, 170, 164, 157, 150, 146, 147, 153, 161, 165, 162, 157, 154, 155, 159, 160, 154, 140, 120, 104, 98, 104, 115, 120, 115, 107, 103, 103, 103, 99, 91, 83, 75, 70, 70, 78, 91, 102, 103, 98, 95, 97, 101, 100, 91, 79, 72, 73, 84, 101, 117, 127, 128, 122, 119, 122, 129, 135, 134, 129, 126, 129, 140, 151, 155, 151, 142, 133, 131, 135, 142, 145, 143, 140, 140, 146, 155, 161, 161, 155, 150, 149, 154, 160, 162, 160, 156, 153, 153, 155, 157, 158, 159, 158, 156, 152, 
  146, 138, 128, 116, 106, 102, 105, 112, 119, 122, 121, 117, 112, 106, 100, 94, 89, 85, 82, 81, 84, 91, 100, 107, 108, 106, 103, 99, 93, 83, 75, 75, 82, 95, 107, 116, 122, 125, 126, 126, 128, 131, 133, 130, 126, 125, 131, 139, 143, 142, 138, 134, 133, 133, 136, 141, 147, 149, 147, 143, 141, 145, 150, 154, 155, 155, 154, 151, 148, 147, 147, 146, 145, 146, 152, 158, 161, 157, 152, 148, 147, 145, 141, 137, 135, 133, 129, 124, 119, 117, 119, 120, 117, 112, 108, 106, 103, 100, 98, 98, 
  100, 100, 98, 96, 96, 98, 98, 96, 95, 97, 100, 99, 95, 90, 89, 93, 98, 101, 103, 106, 110, 116, 120, 124, 126, 126, 124, 122, 122, 127, 131, 131, 126, 121, 120, 127, 136, 144, 147, 145, 141, 140, 141, 144, 147, 149, 152, 153, 152, 150, 150, 152, 154, 153, 150, 147, 145, 143, 141, 141, 143, 146, 150, 153, 154, 151, 147, 141, 136, 133, 133, 133, 133, 129, 124, 120, 119, 119, 117, 114, 110, 107, 105, 103, 103, 104, 105, 104, 102, 99, 98, 99, 102, 102, 100, 97, 96, 98, 100, 100, 
  98, 97, 96, 97, 98, 100, 103, 107, 110, 114, 117, 119, 121, 122, 122, 123, 124, 125, 126, 126, 128, 129, 129, 130, 133, 138, 143, 145, 143, 142, 141, 142, 142, 142, 145, 150, 154, 154, 150, 146, 143, 143, 145, 145, 145, 144, 145, 147, 150, 152, 152, 150, 148, 146, 145, 143, 141, 139, 138, 137, 136, 134, 131, 127, 124, 122, 121, 120, 119, 116, 114, 111, 110, 110, 110, 111, 110, 108, 105, 103, 101, 101, 102, 102, 103, 103, 102, 102, 103, 104, 102, 98, 96, 97, 100, 102, 103, 106, 109, 110, 
  112, 114, 117, 120, 120, 121, 122, 124, 124, 124, 126, 129, 131, 130, 129, 131, 134, 137, 138, 138, 138, 138, 140, 143, 148, 152, 152, 149, 145, 143, 143, 144, 145, 145, 145, 146, 145, 142, 140, 140, 141, 143, 143, 143, 141, 140, 140, 140, 139, 139, 138, 138, 138, 136, 133, 130, 127, 126, 124, 121, 117, 114, 114, 115, 115, 114, 112, 109, 107, 104, 103, 103, 105, 107, 108, 108, 107, 105, 103, 103, 103, 104, 105, 106, 107, 107, 107, 106, 105, 105, 107, 108, 108, 110, 112, 114, 115, 117, 119, 121, 
  124, 126, 127, 128, 129, 130, 131, 132, 133, 133, 133, 132, 133, 134, 134, 135, 136, 138, 140, 142, 143, 144, 145, 145, 145, 146, 147, 147, 147, 146, 145, 144, 141, 139, 138, 138, 140, 140, 140, 138, 136, 136, 136, 137, 138, 138, 136, 134, 133, 132, 131, 130, 127, 125, 124, 125, 126, 124, 121, 117, 115, 116, 115, 113, 110, 108, 108, 109, 110, 111, 112, 112, 110, 108, 107, 107, 108, 109, 108, 109, 110, 111, 112, 112, 112, 111, 110, 111, 112, 112, 110, 109, 110, 114, 119, 121, 121, 119, 119, 120, 
  122, 124, 126, 127, 128, 129, 131, 133, 135, 135, 134, 133, 131, 131, 133, 134, 135, 135, 136, 137, 138, 139, 140, 140, 140, 138, 138, 139, 142, 142, 140, 137, 138, 140, 141, 140, 136, 134, 133, 133, 135, 136, 136, 134, 133, 133, 134, 136, 136, 136, 134, 133, 131, 130, 129, 129, 127, 126, 126, 126, 124, 120, 117, 116, 117, 117, 115, 113, 112, 113, 114, 113, 112, 110, 110, 111, 112, 111, 110, 111, 112, 111, 110, 110, 112, 113, 114, 113, 112, 111, 110, 111, 112, 112, 112, 112, 113, 116, 117, 117, 
  117, 118, 121, 124, 126, 127, 128, 127, 126, 126, 129, 133, 134, 133, 131, 131, 133, 133, 135, 136, 138, 137, 136, 137, 140, 141, 140, 138, 138, 139, 140, 138, 138, 139, 141, 142, 141, 141, 140, 138, 136, 135, 134, 134, 133, 133, 134, 136, 136, 136, 134, 133, 131, 130, 131, 132, 133, 133, 131, 128, 126, 126, 127, 128, 128, 126, 124, 122, 121, 119, 117, 117, 117, 116, 113, 111, 110, 112, 113, 113, 112, 112, 112, 111, 110, 110, 110, 111, 112, 113, 114, 114, 114, 114, 115, 116, 115, 114, 114, 115, 
  117, 118, 119, 119, 119, 119, 119, 120, 120, 121, 122, 123, 124, 125, 126, 127, 127, 128, 129, 130, 129, 128, 128, 128, 129, 130, 131, 132, 133, 133, 134, 135, 134, 133, 133, 134, 136, 137, 136, 135, 135, 134, 134, 135, 136, 137, 136, 135, 135, 133, 131, 129, 129, 131, 131, 130, 129, 130, 131, 130, 129, 130, 131, 130, 129, 130, 131, 130, 129, 129, 129, 129, 128, 128, 129, 129, 128, 126, 126, 125, 124, 122, 122, 123, 122, 120, 119, 119, 119, 118, 117, 116, 115, 114, 114, 114, 115, 115, 114, 113, 
  113, 113, 112, 112, 113, 115, 116, 116, 115, 114, 114, 114, 115, 116, 116, 116, 117, 118, 119, 120, 120, 121, 121, 121, 122, 124, 124, 124, 124, 125, 126, 126, 125, 126, 128, 129, 129, 129, 129, 131, 132, 134, 135, 135, 134, 133, 133, 134, 134, 134, 135, 135, 136, 136, 136, 137, 138, 138, 138, 139, 139, 139, 138, 138, 138, 138, 136, 135, 134, 134, 133, 131, 131, 132, 133, 132, 129, 127, 126, 127, 127, 128, 128, 127, 125, 123, 123, 123, 124, 123, 123, 123, 124, 125, 124, 123, 122, 123, 124, 124, 
  122, 121, 121, 122, 122, 121, 121, 121, 120, 119, 119, 120, 120, 120, 119, 119, 120, 120, 119, 118, 119, 118, 117, 117, 119, 121, 121, 119, 119, 120, 121, 120, 119, 120, 121, 120, 119, 119, 121, 121, 120, 120, 122, 124, 124, 123, 122, 123, 124, 123, 122, 123, 124, 125, 126, 126, 126, 125, 126, 127, 127, 127, 126, 126, 127, 128, 127, 128, 129, 131, 131, 130, 129, 130, 131, 131, 131, 132, 133, 133, 133, 132, 131, 131, 133, 134, 134, 133, 133, 134, 134, 134, 133, 133, 134, 135, 133, 131, 131, 132, 
  133, 132, 131, 131, 131, 131, 129, 127, 128, 129, 129, 128, 128, 128, 127, 126, 126, 127, 127, 127, 126, 126, 127, 127, 126, 124, 124, 125, 126, 126, 124, 122, 122, 124, 124, 123, 122, 123, 124, 124, 122, 122, 122, 122, 120, 119, 119, 120, 120, 119, 119, 120, 120, 120, 119, 120, 120, 120, 119, 120, 120, 120, 119, 119, 120, 121, 121, 121, 122, 122, 121, 121, 122, 123, 123, 123, 124, 125, 124, 123, 122, 123, 124, 126, 125, 125, 126, 127, 127, 126, 126, 127, 127, 127, 128, 128, 129, 129, 128, 128, 
  129, 131, 131, 130, 129, 130, 131, 130, 129, 129, 131, 132, 133, 132, 131, 130, 131, 132, 132, 132, 131, 132, 132, 132, 131, 131, 132, 133, 133, 132, 130, 130, 130, 130, 130, 130, 130, 129, 129, 128, 128, 127, 127, 127, 126, 126, 127, 128, 128, 127, 125, 124, 125, 125, 125, 125, 125, 125, 125, 125, 125, 125, 125, 125, 125, 124, 125, 126, 124, 123, 122, 122, 123, 123, 124, 125, 124, 123, 122, 123, 124, 124, 122, 120, 121, 122, 122, 121, 121, 122, 122, 121, 121, 122, 122, 121, 121, 121, 122, 122, 
  121, 121, 122, 122, 121, 119, 120, 122, 122, 121, 120, 121, 122, 122, 120, 121, 122, 124, 124, 123, 122, 123, 124, 125, 124, 123, 122, 123, 124, 123, 122, 122, 124, 126, 126, 125, 124, 124, 126, 127, 128, 127, 126, 126, 128, 129, 129, 129, 129, 131, 131, 130, 129, 130, 131, 130, 129, 129, 131, 133, 133, 132, 131, 131, 133, 134, 134, 133, 133, 133, 133, 132, 131, 132, 133, 133, 131, 129, 129, 130, 131, 131, 131, 130, 129, 128, 127, 128, 129, 129, 127, 126, 126, 127, 127, 127, 126, 126, 126, 125, 
  124, 124, 126, 126, 124, 122, 122, 124, 124, 123, 122, 123, 124, 123, 122, 123, 124, 124, 122, 121, 123, 124, 124, 123, 123, 124, 124, 123, 123, 123, 124, 123, 123, 123, 123, 123, 123, 123, 123, 123, 123, 123, 123, 123, 123, 123, 123, 123, 123, 123, 123, 123, 123, 123, 123, 123, 123, 123, 123, 123, 123, 123, 123, 123, 123, 123, 123, 124, 123, 122, 123, 125, 126, 125, 123, 123, 123, 123, 123, 125, 126, 127, 125, 124, 124, 125, 125, 125, 126, 127, 127, 126, 126, 127, 127, 127, 126, 126, 127, 127, 
  126, 126, 127, 129, 129, 129, 129, 129, 128, 128, 129, 131, 131, 130, 129, 130, 131, 130, 129, 130, 131, 131, 129, 129, 131, 132, 131, 129, 129, 130, 131, 130, 129, 130, 131, 131, 129, 128, 128, 128, 129, 129, 129, 129, 128, 126, 126, 127, 128, 127, 126, 126, 128, 128, 126, 124, 124, 126, 126, 125, 124, 125, 126, 125, 124, 124, 124, 123, 122, 123, 124, 124, 122, 122, 124, 125, 124, 122, 122, 124, 124, 123, 122, 123, 124, 123, 122, 123, 124, 123, 122, 123, 124, 124, 122, 123, 124, 125, 124, 124, 
  124, 124, 124, 124, 124, 124, 124, 124, 124, 124, 124, 124, 124, 124, 124, 124, 124, 124, 124, 124, 124, 124, 124, 124, 124, 124, 124, 123, 122, 123, 124, 124, 122, 122, 124, 126, 126, 124, 124, 125, 126, 125, 124, 124, 126, 127, 128, 126, 126, 127, 128, 127, 126, 126, 128, 129, 129, 128, 128, 129, 129, 128, 128, 128, 129, 129, 128, 125, 124, 123, 121, 118, 115, 115, 119, 127, 138, 148, 154, 154, 153, 156, 161, 161, 145, 113, 83, 74, 96, 133, 161, 165, 152, 135, 122, 113, 105, 100, 103, 117, 
  136, 153, 161, 157, 143, 127, 115, 113, 115, 117, 115, 112, 112, 120, 136, 152, 160, 157, 143, 126, 112, 106, 108, 118, 129, 140, 147, 147, 138, 118, 94, 78, 79, 98, 127, 155, 169, 166, 147, 120, 98, 87, 89, 104, 124, 142, 150, 146, 135, 121, 107, 95, 91, 100, 117, 133, 140, 137, 129, 119, 110, 105, 107, 115, 126, 134, 138, 137, 131, 123, 115, 112, 114, 118, 120, 119, 112, 100, 87, 82, 88, 104, 124, 141, 147, 139, 122, 106, 98, 102, 115, 133, 150, 161, 160, 150, 135, 122, 117, 120, 
  129, 140, 148, 151, 147, 135, 117, 98, 86, 88, 105, 129, 150, 160, 155, 138, 117, 101, 96, 105, 122, 142, 157, 165, 166, 160, 150, 141, 136, 138, 145, 151, 154, 150, 141, 130, 121, 117, 119, 120, 115, 107, 101, 106, 117, 130, 138, 141, 140, 136, 131, 127, 126, 125, 126, 127, 127, 126, 122, 119, 119, 122, 126, 129, 131, 134, 136, 136, 133, 127, 122, 122, 128, 134, 140, 142, 141, 140, 136, 130, 122, 115, 112, 113, 117, 120, 117, 109, 100, 93, 89, 89, 91, 94, 96, 95, 91, 87, 86, 88, 
  91, 94, 98, 101, 103, 105, 107, 109, 110, 111, 114, 118, 124, 130, 136, 140, 140, 136, 133, 131, 131, 133, 136, 140, 143, 143, 140, 137, 134, 133, 131, 131, 133, 133, 131, 127, 126, 127, 127, 127, 128, 129, 131, 132, 133, 133, 134, 136, 138, 140, 138, 131, 124, 123, 131, 143, 154, 159, 159, 154, 149, 146, 148, 153, 157, 162, 171, 180, 185, 179, 166, 152, 147, 151, 160, 170, 175, 171, 160, 148, 140, 136, 136, 138, 140, 142, 143, 142, 138, 129, 119, 110, 105, 105, 110, 116, 117, 104, 79, 54, 
  47, 63, 86, 94, 82, 62, 48, 41, 40, 45, 56, 71, 79, 79, 77, 82, 89, 93, 91, 90, 94, 104, 117, 132, 145, 149, 143, 136, 134, 142, 152, 160, 164, 164, 161, 155, 152, 152, 154, 153, 148, 141, 135, 128, 122, 116, 112, 108, 103, 99, 96, 96, 96, 94, 89, 86, 86, 90, 98, 107, 114, 116, 117, 118, 120, 125, 131, 140, 152, 163, 171, 176, 180, 181, 180, 179, 180, 184, 190, 196, 199, 197, 192, 184, 176, 171, 167, 166, 168, 169, 169, 164, 155, 146, 140, 136, 135, 135, 136, 137, 
  138, 138, 136, 131, 122, 114, 112, 119, 129, 136, 134, 126, 115, 107, 100, 89, 70, 49, 39, 52, 82, 106, 103, 77, 46, 25, 20, 28, 46, 67, 80, 80, 74, 73, 79, 84, 82, 82, 89, 106, 126, 143, 155, 156, 145, 128, 119, 126, 145, 162, 169, 167, 161, 151, 143, 138, 134, 131, 126, 121, 117, 114, 108, 100, 91, 82, 75, 72, 74, 80, 88, 92, 93, 93, 94, 99, 107, 117, 128, 137, 145, 151, 157, 163, 169, 175, 180, 184, 188, 194, 201, 204, 202, 198, 192, 187, 183, 182, 181, 180, 
  178, 175, 171, 166, 159, 152, 147, 144, 141, 141, 143, 148, 150, 148, 143, 140, 140, 143, 148, 151, 150, 146, 145, 150, 157, 160, 155, 145, 133, 121, 112, 104, 91, 66, 37, 26, 44, 74, 84, 63, 27, 0, 0, 0, 4, 33, 60, 71, 72, 80, 101, 119, 115, 100, 96, 116, 148, 179, 202, 214, 208, 182, 153, 142, 154, 172, 180, 171, 157, 148, 143, 138, 128, 110, 89, 70, 56, 52, 56, 65, 70, 68, 60, 53, 53, 61, 74, 87, 101, 115, 129, 144, 161, 174, 180, 179, 178, 182, 190, 199, 
  207, 213, 214, 209, 199, 191, 188, 185, 176, 164, 155, 151, 150, 149, 147, 142, 135, 126, 120, 122, 128, 133, 136, 137, 138, 142, 148, 157, 164, 168, 171, 175, 183, 191, 193, 190, 182, 172, 166, 166, 173, 178, 173, 154, 129, 108, 89, 63, 18, 0, 0, 0, 0, 47, 55, 23, 0, 0, 0, 0, 0, 20, 56, 87, 113, 145, 180, 196, 181, 154, 145, 165, 199, 225, 241, 245, 235, 207, 173, 148, 138, 128, 109, 85, 72, 73, 81, 82, 70, 48, 23, 2, 0, 0, 16, 43, 66, 84, 100, 117, 
  133, 142, 145, 148, 157, 175, 199, 224, 244, 250, 239, 218, 199, 184, 173, 161, 154, 152, 155, 158, 157, 152, 140, 119, 96, 83, 84, 97, 112, 125, 136, 145, 150, 154, 157, 160, 162, 165, 171, 182, 197, 212, 223, 224, 216, 203, 193, 190, 190, 191, 190, 184, 173, 158, 145, 134, 124, 114, 103, 92, 77, 63, 58, 60, 49, 12, 0, 0, 0, 30, 60, 50, 30, 30, 47, 60, 65, 75, 98, 123, 147, 179, 223, 255, 253, 210, 166, 151, 162, 172, 162, 144, 131, 123, 110, 89, 70, 56, 39, 13, 
  0, 0, 16, 51, 72, 77, 79, 87, 98, 108, 119, 132, 145, 157, 173, 195, 218, 227, 216, 195, 176, 164, 157, 152, 148, 145, 138, 130, 124, 121, 115, 101, 84, 74, 77, 93, 114, 133, 148, 158, 162, 165, 168, 170, 171, 171, 174, 184, 199, 213, 218, 211, 197, 184, 176, 170, 166, 163, 162, 160, 155, 152, 152, 151, 145, 135, 127, 127, 133, 141, 150, 154, 152, 146, 145, 151, 159, 158, 146, 130, 114, 100, 89, 72, 32, 0, 0, 0, 0, 49, 75, 61, 44, 47, 56, 53, 48, 58, 84, 113, 
  143, 185, 228, 244, 220, 178, 152, 146, 140, 123, 108, 108, 115, 117, 108, 97, 86, 69, 44, 21, 13, 23, 48, 76, 101, 123, 140, 151, 153, 148, 140, 135, 136, 141, 150, 166, 183, 191, 185, 168, 148, 132, 119, 109, 103, 101, 103, 112, 124, 133, 133, 124, 117, 117, 121, 124, 129, 141, 159, 175, 183, 184, 183, 183, 180, 172, 164, 161, 166, 173, 178, 178, 176, 174, 169, 162, 154, 148, 147, 146, 147, 149, 155, 162, 168, 170, 171, 169, 164, 158, 154, 154, 159, 164, 166, 164, 159, 149, 133, 109, 
  82, 61, 44, 21, 0, 0, 0, 0, 32, 75, 79, 63, 58, 71, 86, 90, 93, 108, 133, 155, 176, 209, 247, 255, 241, 184, 131, 105, 98, 90, 73, 58, 53, 55, 58, 60, 63, 61, 47, 28, 22, 43, 84, 126, 156, 174, 191, 210, 225, 228, 216, 190, 161, 138, 129, 130, 131, 125, 110, 90, 72, 62, 59, 60, 56, 52, 54, 74, 109, 145, 169, 180, 185, 190, 195, 197, 195, 190, 183, 174, 166, 162, 164, 165, 161, 147, 131, 120, 119, 124, 127, 126, 126, 132, 145, 159, 169, 174, 174, 170, 
  164, 164, 171, 180, 185, 185, 186, 193, 201, 203, 200, 192, 178, 159, 139, 128, 126, 125, 117, 102, 84, 71, 65, 56, 30, 0, 0, 0, 0, 0, 47, 62, 67, 94, 139, 174, 180, 169, 162, 161, 161, 168, 193, 230, 248, 223, 169, 121, 98, 83, 51, 4, 0, 0, 0, 0, 29, 61, 89, 101, 100, 104, 127, 161, 185, 192, 197, 216, 247, 255, 255, 252, 216, 172, 127, 90, 63, 45, 25, 3, 0, 0, 8, 33, 53, 64, 74, 91, 121, 158, 194, 218, 230, 236, 244, 252, 253, 239, 211, 174, 
  138, 110, 94, 88, 84, 80, 77, 81, 95, 114, 131, 139, 140, 141, 150, 169, 189, 201, 205, 206, 208, 209, 209, 208, 202, 190, 172, 160, 161, 170, 178, 177, 169, 160, 150, 139, 128, 117, 105, 95, 91, 95, 100, 101, 100, 87, 48, 0, 0, 0, 0, 27, 60, 77, 117, 183, 233, 237, 208, 176, 153, 131, 116, 130, 172, 203, 187, 139, 105, 102, 103, 71, 7, 0, 0, 0, 0, 21, 76, 126, 157, 169, 180, 201, 223, 223, 197, 170, 167, 190, 214, 222, 207, 178, 140, 98, 62, 34, 11, 0, 
  0, 0, 0, 6, 55, 101, 138, 162, 182, 202, 225, 240, 239, 224, 207, 200, 202, 205, 197, 175, 143, 110, 80, 59, 44, 36, 33, 42, 63, 100, 145, 186, 209, 213, 206, 200, 201, 201, 197, 189, 183, 184, 190, 199, 204, 200, 183, 160, 141, 132, 129, 131, 134, 140, 145, 149, 153, 158, 161, 157, 148, 138, 129, 119, 107, 86, 49, 0, 0, 0, 0, 0, 35, 66, 103, 159, 213, 234, 220, 194, 171, 147, 124, 120, 147, 179, 181, 147, 107, 89, 86, 67, 21, 0, 0, 0, 0, 3, 61, 121, 
  166, 189, 204, 223, 244, 249, 228, 193, 166, 161, 173, 182, 176, 155, 124, 88, 55, 29, 11, 0, 0, 0, 0, 5, 60, 119, 169, 205, 228, 243, 253, 255, 244, 217, 181, 152, 140, 142, 147, 142, 126, 103, 82, 67, 58, 55, 56, 64, 81, 110, 150, 192, 223, 236, 232, 218, 204, 194, 185, 174, 164, 159, 162, 171, 181, 187, 185, 172, 155, 142, 136, 135, 131, 124, 119, 121, 133, 149, 160, 161, 150, 135, 120, 99, 58, 0, 0, 0, 0, 0, 28, 73, 133, 195, 233, 238, 225, 209, 185, 146, 
  110, 105, 133, 159, 155, 128, 107, 98, 84, 48, 2, 0, 0, 0, 0, 21, 81, 142, 187, 212, 232, 250, 255, 244, 213, 180, 159, 148, 143, 140, 134, 122, 101, 76, 53, 34, 18, 2, 0, 0, 4, 36, 84, 140, 194, 232, 254, 255, 255, 254, 228, 192, 157, 131, 117, 112, 112, 112, 110, 104, 96, 88, 82, 81, 86, 96, 112, 135, 164, 195, 218, 227, 223, 213, 200, 187, 174, 165, 159, 157, 159, 166, 174, 181, 181, 176, 166, 151, 136, 125, 119, 112, 105, 103, 110, 122, 131, 138, 143, 130, 
  81, 3, 0, 0, 0, 23, 39, 54, 102, 174, 232, 247, 232, 208, 179, 143, 109, 95, 106, 122, 119, 102, 93, 98, 103, 89, 54, 19, 0, 0, 4, 29, 74, 126, 169, 194, 213, 234, 249, 241, 208, 164, 133, 119, 117, 117, 114, 105, 93, 81, 74, 71, 67, 55, 37, 23, 23, 47, 89, 138, 180, 208, 227, 240, 246, 236, 209, 171, 133, 103, 89, 91, 100, 108, 112, 114, 117, 120, 122, 123, 122, 120, 121, 129, 148, 174, 195, 205, 204, 197, 190, 183, 175, 163, 150, 143, 147, 160, 174, 184, 
  185, 179, 169, 158, 149, 137, 120, 101, 86, 83, 89, 99, 105, 100, 73, 25, 0, 0, 0, 47, 79, 91, 106, 144, 190, 220, 221, 203, 175, 142, 115, 105, 110, 115, 101, 76, 62, 68, 82, 85, 72, 53, 39, 37, 51, 82, 122, 157, 176, 187, 199, 215, 223, 213, 185, 148, 115, 94, 86, 87, 89, 86, 77, 71, 74, 82, 88, 84, 75, 68, 70, 86, 114, 148, 178, 197, 206, 210, 213, 210, 195, 167, 133, 105, 91, 91, 98, 107, 114, 119, 124, 131, 138, 143, 143, 141, 141, 147, 159, 174, 
  188, 195, 192, 184, 178, 175, 171, 163, 152, 145, 146, 156, 168, 175, 176, 170, 161, 150, 139, 128, 114, 98, 86, 82, 88, 93, 80, 44, 1, 0, 6, 52, 91, 111, 124, 146, 175, 196, 200, 190, 169, 139, 106, 87, 89, 102, 105, 91, 74, 67, 70, 72, 69, 63, 58, 55, 60, 81, 119, 159, 185, 193, 193, 195, 199, 195, 178, 149, 117, 93, 82, 83, 88, 90, 86, 79, 75, 80, 89, 95, 93, 86, 82, 89, 107, 132, 159, 180, 192, 195, 193, 191, 183, 167, 145, 123, 109, 104, 106, 114, 
  124, 132, 134, 133, 131, 132, 134, 135, 137, 140, 150, 165, 182, 193, 195, 189, 180, 171, 164, 157, 152, 150, 152, 156, 163, 169, 171, 166, 157, 145, 131, 116, 103, 94, 86, 79, 79, 82, 77, 56, 32, 30, 60, 103, 134, 151, 166, 185, 197, 192, 173, 148, 120, 92, 74, 75, 89, 98, 91, 77, 70, 73, 79, 79, 73, 68, 67, 76, 98, 129, 161, 181, 188, 186, 181, 178, 171, 156, 133, 106, 86, 77, 81, 90, 98, 101, 100, 98, 100, 104, 106, 103, 95, 88, 89, 101, 121, 143, 162, 173, 
  178, 179, 178, 171, 157, 138, 120, 110, 112, 122, 132, 140, 143, 145, 145, 141, 136, 132, 131, 133, 138, 148, 160, 173, 182, 184, 180, 172, 166, 162, 160, 159, 159, 161, 166, 169, 171, 171, 166, 152, 131, 110, 95, 84, 75, 72, 74, 68, 44, 11, 1, 32, 87, 131, 150, 160, 178, 198, 206, 195, 174, 148, 115, 84, 67, 70, 81, 83, 74, 65, 65, 71, 75, 77, 79, 81, 86, 97, 119, 149, 174, 186, 185, 178, 173, 167, 155, 136, 112, 90, 75, 72, 79, 89, 96, 98, 98, 102, 110, 115, 
  112, 102, 94, 98, 112, 132, 152, 167, 174, 174, 169, 164, 157, 146, 129, 113, 105, 108, 119, 133, 145, 152, 154, 151, 147, 145, 145, 146, 148, 152, 159, 168, 176, 181, 180, 172, 161, 150, 145, 145, 150, 156, 161, 162, 164, 166, 166, 159, 145, 128, 112, 99, 89, 85, 84, 77, 54, 24, 8, 23, 67, 114, 145, 161, 173, 185, 192, 187, 169, 141, 110, 86, 77, 85, 96, 99, 89, 78, 74, 75, 77, 77, 77, 78, 80, 89, 110, 143, 174, 190, 187, 175, 164, 155, 145, 131, 112, 92, 77, 75, 
  86, 101, 110, 110, 105, 102, 102, 98, 91, 87, 91, 105, 124, 145, 164, 178, 181, 175, 164, 152, 141, 130, 119, 111, 112, 120, 133, 144, 150, 151, 147, 141, 136, 135, 136, 140, 147, 154, 162, 169, 174, 176, 173, 164, 154, 146, 145, 148, 154, 159, 162, 163, 161, 155, 145, 130, 112, 96, 86, 82, 84, 88, 84, 65, 37, 22, 37, 79, 126, 156, 167, 173, 178, 180, 173, 154, 128, 98, 77, 74, 88, 104, 107, 93, 77, 71, 73, 79, 84, 88, 91, 96, 109, 133, 164, 187, 192, 182, 166, 151, 
  140, 129, 117, 102, 88, 80, 82, 93, 105, 110, 107, 96, 84, 77, 79, 91, 108, 126, 141, 157, 174, 188, 193, 186, 168, 145, 126, 115, 112, 113, 115, 119, 124, 130, 136, 142, 147, 147, 143, 140, 141, 150, 160, 169, 173, 171, 166, 159, 155, 153, 150, 144, 140, 140, 147, 155, 162, 166, 162, 151, 134, 119, 108, 100, 95, 94, 96, 90, 68, 41, 32, 55, 98, 134, 152, 158, 164, 171, 173, 165, 148, 127, 103, 85, 82, 93, 107, 109, 100, 87, 79, 77, 77, 78, 79, 82, 91, 108, 133, 161, 
  181, 188, 180, 165, 152, 142, 133, 120, 105, 93, 89, 94, 105, 114, 114, 100, 77, 58, 55, 68, 93, 119, 141, 160, 176, 189, 195, 192, 178, 155, 133, 118, 114, 117, 122, 126, 129, 132, 134, 137, 140, 140, 140, 139, 141, 148, 159, 169, 174, 172, 164, 154, 147, 142, 140, 137, 136, 139, 145, 154, 162, 167, 164, 153, 138, 125, 117, 113, 110, 107, 103, 93, 72, 45, 28, 36, 67, 104, 135, 153, 164, 172, 174, 170, 155, 133, 110, 96, 98, 111, 124, 125, 114, 97, 84, 77, 74, 70, 65, 64, 
  72, 93, 124, 154, 173, 178, 175, 166, 155, 146, 138, 130, 119, 107, 102, 105, 113, 119, 112, 93, 68, 51, 49, 65, 91, 118, 142, 162, 179, 191, 195, 190, 172, 147, 124, 113, 115, 124, 131, 133, 133, 131, 128, 125, 126, 127, 128, 128, 133, 145, 161, 175, 181, 179, 169, 155, 143, 136, 135, 134, 134, 138, 145, 152, 157, 158, 157, 152, 141, 130, 122, 118, 115, 114, 114, 106, 82, 48, 25, 31, 63, 101, 127, 142, 152, 158, 160, 158, 150, 136, 117, 103, 103, 116, 129, 132, 124, 110, 94, 81, 
  72, 69, 68, 69, 74, 88, 112, 140, 162, 173, 171, 161, 150, 143, 140, 136, 131, 124, 119, 118, 121, 124, 119, 101, 74, 49, 41, 53, 79, 109, 134, 155, 171, 184, 192, 191, 180, 160, 140, 129, 129, 137, 143, 142, 134, 124, 117, 115, 115, 117, 119, 122, 129, 140, 155, 170, 178, 175, 164, 151, 141, 137, 136, 138, 140, 140, 142, 144, 146, 145, 140, 133, 129, 128, 129, 131, 133, 133, 131, 128, 124, 113, 88, 54, 30, 35, 67, 106, 133, 143, 147, 149, 148, 142, 131, 118, 107, 103, 112, 130, 
  145, 147, 135, 116, 100, 87, 77, 68, 63, 66, 77, 97, 120, 143, 157, 161, 155, 145, 136, 132, 133, 134, 135, 133, 134, 139, 141, 136, 117, 90, 65, 51, 53, 69, 93, 118, 138, 152, 162, 169, 171, 165, 154, 141, 134, 137, 145, 153, 155, 151, 141, 129, 119, 113, 112, 113, 115, 121, 131, 143, 154, 160, 160, 156, 148, 141, 138, 138, 140, 141, 143, 145, 145, 143, 140, 135, 131, 127, 126, 127, 131, 135, 138, 138, 136, 132, 127, 122, 115, 102, 80, 59, 53, 69, 98, 119, 124, 120, 120, 128, 
  135, 131, 120, 112, 112, 121, 133, 142, 145, 140, 127, 112, 100, 92, 87, 84, 82, 86, 96, 109, 121, 129, 133, 132, 128, 124, 124, 128, 133, 137, 139, 143, 147, 148, 141, 126, 105, 86, 77, 79, 91, 106, 119, 128, 135, 141, 145, 146, 143, 139, 136, 136, 142, 152, 162, 166, 161, 150, 139, 132, 128, 124, 120, 120, 123, 129, 136, 142, 145, 143, 138, 133, 133, 136, 139, 142, 143, 145, 145, 144, 142, 139, 134, 129, 124, 124, 129, 135, 138, 139, 140, 140, 140, 138, 134, 130, 124, 119, 114, 106, 
  96, 86, 81, 84, 93, 102, 108, 113, 115, 118, 121, 124, 126, 125, 122, 123, 127, 135, 140, 139, 133, 124, 117, 113, 110, 106, 100, 95, 94, 98, 105, 111, 115, 115, 114, 113, 115, 120, 126, 129, 129, 129, 129, 131, 133, 132, 129, 126, 124, 125, 128, 128, 127, 126, 126, 126, 127, 129, 131, 132, 133, 133, 134, 137, 138, 138, 138, 139, 140, 140, 141, 143, 145, 145, 143, 141, 140, 138, 136, 133, 131, 130, 131, 131, 131, 130, 128, 125, 124, 125, 128, 130, 131, 132, 134, 136, 136, 136, 136, 137, 
  136, 134, 131, 128, 126, 123, 121, 117, 112, 105, 98, 96, 98, 102, 105, 106, 107, 109, 114, 118, 121, 120, 119, 118, 119, 122, 126, 128, 129, 128, 126, 124, 122, 121, 119, 116, 114, 113, 114, 115, 117, 119, 121, 120, 119, 118, 117, 116, 115, 115, 117, 120, 124, 128, 131, 132, 133, 133, 134, 134, 133, 130, 129, 130, 131, 132, 133, 132, 131, 129, 127, 126, 124, 124, 126, 128, 129, 130, 131, 133, 135, 135, 134, 135, 135, 134, 133, 132, 133, 132, 131, 130, 129, 129, 127, 126, 126, 127, 127, 126, 
  126, 127, 127, 127, 128, 129, 129, 128, 128, 128, 127, 126, 126, 127, 127, 127, 126, 127, 127, 126, 124, 122, 120, 119, 119, 120, 120, 120, 119, 119, 120, 120, 119, 118, 117, 116, 116, 115, 115, 116, 117, 119, 120, 122, 122, 122, 122, 122, 121, 119, 119, 120, 121, 121, 120, 121, 122, 123, 122, 122, 122, 123, 124, 125, 126, 127, 128, 128, 129, 130, 131, 130, 129, 129, 129, 130, 131, 130, 129, 130, 131, 132, 131, 130, 129, 129, 129, 130, 131, 132, 133, 134, 134, 135, 136, 136, 134, 133, 133, 134, 
  134, 133, 131, 131, 131, 130, 130, 129, 129, 128, 128, 128, 129, 129, 128, 126, 125, 127, 128, 127, 125, 124, 124, 124, 124, 123, 123, 122, 122, 121, 121, 121, 120, 120, 119, 118, 117, 116, 116, 116, 117, 116, 116, 116, 117, 117, 116, 115, 115, 116, 117, 118, 119, 120, 121, 122, 122, 122, 121, 121, 122, 124, 124, 123, 122, 123, 124, 124, 124, 125, 126, 126, 126, 126, 128, 130, 131, 130, 129, 129, 129, 130, 131, 131, 129, 128, 127, 128, 129, 129, 127, 126, 126, 127, 128, 127, 127, 128, 129, 129, 
  129, 130, 131, 132, 131, 130, 129, 130, 131, 131, 129, 128, 127, 128, 129, 130, 129, 128, 128, 129, 129, 128, 128, 128, 129, 129, 128, 128, 129, 129, 128, 126, 126, 127, 128, 126, 126, 127, 128, 127, 126, 126, 128, 128, 126, 124, 124, 125, 126, 125, 124, 125, 126, 125, 124, 124, 124, 124, 122, 121, 121, 122, 122, 122, 121, 119, 119, 120, 121, 120, 119, 117, 117, 118, 119, 118, 117, 117, 119, 120, 121, 120, 121, 121, 122, 123, 124, 124, 124, 124, 126, 127, 127, 127, 128, 129, 129, 128, 128, 128, 
  129, 130, 129, 129, 131, 133, 133, 132, 131, 132, 133, 132, 131, 130, 129, 130, 131, 131, 131, 130, 129, 128, 128, 129, 129, 128, 128, 128, 129, 129, 128, 127, 127, 129, 130, 129, 127, 126, 126, 127, 127, 127, 126, 127, 127, 127, 126, 125, 124, 123, 123, 123, 124, 123, 123, 122, 122, 121, 121, 121, 122, 121, 119, 117, 117, 118, 119, 120, 120, 119, 119, 120, 120, 120, 121, 122, 122, 121, 121, 121, 122, 123, 124, 125, 125, 125, 124, 125, 127, 129, 130, 128, 127, 127, 128, 129, 129, 128, 128, 128, 
  129, 131, 131, 130, 129, 129, 129, 130, 131, 131, 131, 132, 133, 134, 135, 135, 134, 134, 133, 131, 131, 132, 133, 132, 131, 130, 131, 131, 129, 127, 128, 129, 129, 128, 128, 129, 131, 131, 129, 128, 127, 129, 129, 129, 127, 126, 126, 125, 124, 123, 122, 123, 124, 124, 122, 121, 121, 120, 119, 119, 121, 122, 122, 121, 121, 121, 121, 121, 121, 120, 119, 117, 117, 118, 119, 118, 117, 118, 119, 118, 117, 117, 119, 120, 121, 120, 121, 121, 122, 124, 126, 127, 128, 127, 127, 128, 128, 126, 126, 127, 
  128, 127, 126, 125, 124, 123, 122, 123, 124, 124, 124, 124, 124, 125, 126, 127, 129, 130, 129, 129, 131, 133, 133, 132, 131, 132, 133, 133, 133, 132, 131, 130, 131, 132, 133, 132, 131, 132, 133, 132, 131, 131, 131, 131, 129, 128, 128, 128, 127, 127, 128, 127, 126, 125, 126, 126, 124, 122, 122, 125, 126, 125, 124, 125, 126, 125, 124, 124, 126, 126, 124, 122, 122, 123, 124, 124, 124, 123, 121, 119, 119, 119, 119, 118, 117, 116, 115, 116, 117, 117, 115, 114, 114, 115, 115, 115, 115, 117, 119, 118, 
  117, 118, 121, 122, 122, 121, 121, 121, 122, 124, 124, 123, 122, 122, 124, 126, 126, 125, 126, 127, 128, 128, 129, 131, 133, 132, 131, 132, 134, 136, 135, 133, 133, 134, 135, 135, 134, 134, 133, 132, 131, 131, 133, 134, 134, 134, 133, 133, 134, 135, 135, 133, 133, 134, 135, 134, 133, 131, 131, 132, 133, 133, 133, 132, 131, 130, 129, 130, 129, 128, 126, 125, 124, 123, 122, 122, 120, 119, 117, 117, 117, 117, 116, 114, 113, 113, 114, 114, 115, 116, 116, 114, 113, 114, 116, 117, 117, 117, 117, 118, 
  119, 119, 121, 123, 124, 124, 123, 122, 124, 126, 128, 128, 127, 128, 129, 130, 129, 128, 128, 129, 129, 128, 128, 128, 129, 129, 128, 128, 129, 129, 128, 126, 125, 126, 128, 129, 129, 129, 130, 130, 131, 131, 131, 132, 132, 132, 131, 131, 132, 134, 135, 134, 134, 135, 137, 136, 134, 133, 133, 134, 134, 134, 133, 132, 131, 130, 130, 129, 127, 126, 126, 127, 127, 127, 128, 129, 129, 128, 128, 128, 129, 129, 128, 127, 127, 127, 126, 126, 125, 125, 124, 123, 122, 121, 119, 118, 117, 116, 116, 116, 
  117, 117, 116, 114, 113, 113, 112, 111, 112, 113, 114, 113, 112, 112, 114, 115, 115, 116, 117, 117, 117, 117, 119, 120, 121, 120, 120, 121, 122, 123, 122, 121, 121, 121, 122, 124, 124, 124, 124, 125, 126, 127, 127, 128, 130, 131, 131, 131, 131, 132, 132, 133, 133, 134, 134, 135, 137, 138, 138, 137, 137, 137, 138, 137, 136, 137, 138, 137, 136, 137, 138, 138, 136, 135, 134, 134, 133, 132, 133, 134, 135, 134, 133, 132, 131, 131, 131, 131, 129, 127, 124, 122, 121, 121, 122, 122, 121, 117, 114, 112, 
  112, 111, 110, 109, 108, 108, 108, 109, 110, 111, 110, 108, 107, 107, 108, 109, 110, 112, 114, 115, 115, 117, 119, 121, 121, 119, 119, 120, 122, 124, 124, 125, 126, 127, 128, 127, 126, 124, 124, 125, 126, 126, 126, 126, 127, 128, 128, 128, 129, 131, 131, 130, 129, 131, 133, 134, 134, 135, 136, 137, 138, 139, 140, 139, 138, 138, 140, 142, 141, 140, 140, 141, 141, 141, 140, 140, 141, 141, 140, 139, 140, 139, 138, 137, 136, 136, 135, 133, 133, 132, 131, 129, 126, 123, 121, 119, 119, 119, 119, 117, 
  115, 114, 114, 113, 112, 110, 110, 111, 110, 109, 109, 109, 110, 109, 109, 109, 110, 110, 110, 111, 112, 113, 114, 114, 115, 116, 117, 118, 119, 120, 121, 122, 122, 122, 123, 123, 124, 124, 124, 124, 124, 123, 123, 123, 124, 125, 126, 127, 127, 128, 130, 131, 131, 130, 130, 130, 131, 133, 135, 137, 138, 138, 138, 138, 139, 141, 142, 141, 139, 140, 142, 143, 143, 142, 142, 143, 143, 142, 142, 142, 143, 142, 140, 140, 141, 142, 140, 137, 136, 137, 136, 134, 131, 128, 124, 121, 119, 119, 119, 118, 
  117, 116, 115, 114, 112, 111, 110, 108, 105, 102, 101, 103, 105, 107, 108, 110, 110, 109, 108, 107, 107, 106, 107, 109, 112, 114, 115, 116, 117, 117, 117, 117, 119, 120, 121, 120, 119, 119, 121, 122, 122, 122, 123, 123, 124, 123, 123, 123, 124, 125, 126, 127, 127, 128, 130, 130, 131, 132, 133, 134, 134, 134, 135, 136, 138, 139, 140, 141, 141, 142, 143, 144, 145, 145, 145, 146, 146, 146, 145, 146, 146, 146, 145, 144, 143, 143, 141, 140, 140, 139, 138, 136, 134, 132, 127, 123, 119, 117, 117, 117, 
  117, 116, 114, 112, 110, 108, 105, 101, 100, 100, 101, 102, 103, 104, 105, 105, 105, 106, 107, 106, 105, 104, 105, 106, 107, 109, 112, 114, 115, 116, 117, 118, 117, 116, 115, 117, 119, 120, 121, 122, 122, 122, 123, 123, 124, 123, 123, 123, 124, 125, 126, 127, 129, 130, 130, 130, 131, 132, 133, 134, 134, 135, 137, 138, 139, 141, 142, 143, 145, 146, 147, 147, 146, 146, 147, 148, 148, 148, 149, 149, 150, 149, 149, 148, 146, 145, 143, 142, 141, 140, 138, 136, 133, 129, 126, 123, 120, 119, 119, 119, 
  119, 116, 112, 108, 107, 105, 103, 101, 100, 100, 101, 102, 103, 104, 105, 104, 103, 104, 105, 105, 103, 103, 105, 108, 110, 112, 113, 115, 117, 118, 119, 118, 117, 117, 117, 118, 119, 120, 120, 121, 122, 123, 124, 124, 124, 123, 122, 122, 124, 126, 127, 128, 129, 131, 133, 134, 135, 135, 136, 138, 140, 141, 141, 143, 145, 147, 148, 149, 150, 152, 152, 151, 150, 151, 152, 152, 152, 153, 153, 153, 152, 150, 150, 150, 148, 146, 145, 144, 141, 138, 134, 131, 128, 124, 121, 119, 119, 118, 115, 113, 
  110, 107, 103, 100, 100, 100, 100, 98, 98, 99, 100, 99, 98, 99, 101, 103, 101, 99, 98, 98, 100, 103, 107, 110, 112, 113, 114, 115, 115, 115, 115, 116, 117, 117, 117, 118, 119, 119, 121, 123, 124, 124, 122, 122, 124, 125, 126, 126, 127, 129, 131, 132, 133, 134, 136, 138, 140, 140, 140, 140, 141, 143, 145, 147, 148, 149, 150, 151, 152, 153, 154, 154, 155, 156, 157, 157, 155, 154, 154, 153, 152, 150, 149, 148, 146, 144, 142, 138, 134, 129, 124, 121, 120, 120, 119, 117, 115, 112, 107, 102, 
  98, 95, 95, 95, 96, 97, 96, 96, 96, 98, 100, 101, 99, 97, 95, 95, 96, 98, 100, 103, 106, 109, 110, 112, 113, 114, 114, 114, 115, 116, 115, 115, 115, 117, 119, 120, 122, 124, 124, 123, 122, 123, 124, 125, 126, 127, 127, 128, 129, 132, 136, 139, 140, 140, 141, 143, 143, 144, 145, 147, 150, 152, 153, 154, 155, 156, 157, 158, 159, 159, 159, 158, 157, 158, 159, 159, 157, 155, 152, 150, 149, 147, 145, 140, 135, 129, 124, 121, 121, 120, 119, 116, 112, 109, 105, 100, 96, 94, 94, 95, 
  94, 94, 93, 92, 91, 93, 96, 99, 98, 95, 93, 94, 96, 97, 98, 101, 105, 108, 110, 111, 112, 113, 114, 115, 115, 115, 114, 113, 114, 116, 119, 121, 122, 123, 124, 124, 124, 125, 126, 127, 127, 128, 128, 128, 129, 133, 138, 142, 145, 145, 145, 144, 145, 146, 148, 150, 152, 153, 155, 157, 159, 160, 161, 162, 164, 165, 164, 162, 161, 160, 161, 160, 159, 156, 154, 152, 150, 148, 143, 137, 131, 126, 124, 123, 122, 119, 115, 111, 108, 105, 101, 97, 93, 91, 91, 91, 91, 90, 89, 90, 
  91, 93, 94, 94, 93, 91, 91, 92, 93, 95, 98, 102, 105, 107, 108, 109, 110, 112, 114, 115, 115, 115, 114, 113, 114, 115, 117, 119, 121, 121, 122, 124, 126, 127, 127, 126, 126, 126, 127, 129, 131, 135, 140, 143, 145, 146, 147, 148, 150, 151, 152, 153, 155, 157, 159, 160, 162, 165, 167, 168, 168, 168, 167, 166, 164, 163, 162, 161, 159, 156, 153, 151, 148, 144, 138, 133, 129, 126, 122, 118, 114, 110, 107, 103, 100, 96, 93, 90, 89, 90, 89, 87, 86, 87, 89, 91, 91, 90, 89, 90, 
  91, 91, 91, 93, 96, 99, 101, 103, 105, 108, 110, 112, 114, 114, 114, 112, 112, 113, 114, 114, 114, 115, 119, 122, 124, 125, 126, 127, 128, 128, 127, 126, 126, 127, 131, 136, 140, 142, 145, 148, 152, 154, 153, 152, 152, 154, 157, 160, 162, 165, 167, 170, 173, 174, 174, 174, 173, 172, 169, 165, 161, 158, 157, 156, 154, 149, 143, 138, 135, 131, 127, 123, 119, 114, 110, 106, 102, 96, 91, 88, 88, 89, 89, 88, 86, 85, 86, 87, 88, 89, 89, 89, 89, 90, 91, 92, 93, 96, 100, 103, 
  105, 106, 107, 109, 112, 113, 112, 110, 110, 111, 112, 111, 110, 112, 117, 121, 122, 122, 124, 127, 129, 129, 128, 126, 126, 126, 128, 132, 140, 147, 154, 158, 160, 161, 161, 161, 162, 163, 164, 166, 169, 173, 178, 184, 190, 192, 190, 186, 179, 171, 161, 150, 145, 146, 150, 149, 139, 127, 119, 119, 122, 124, 121, 115, 112, 111, 112, 111, 105, 96, 88, 82, 79, 74, 70, 71, 80, 94, 103, 104, 100, 95, 93, 91, 86, 76, 69, 68, 75, 86, 95, 101, 108, 118, 126, 128, 120, 108, 96, 87, 
  77, 68, 65, 76, 101, 132, 154, 161, 159, 154, 152, 150, 145, 136, 131, 137, 153, 173, 187, 191, 190, 185, 178, 169, 162, 164, 176, 191, 202, 207, 211, 218, 227, 231, 225, 210, 193, 182, 174, 164, 145, 121, 103, 96, 86, 56, 8, 0, 0, 15, 65, 92, 95, 98, 115, 136, 138, 119, 100, 98, 112, 127, 134, 139, 143, 141, 122, 87, 49, 27, 23, 30, 37, 44, 56, 80, 109, 129, 133, 122, 112, 115, 131, 153, 175, 193, 204, 201, 178, 141, 101, 74, 62, 61, 67, 76, 89, 108, 126, 135, 
  131, 117, 105, 104, 119, 144, 173, 196, 211, 216, 213, 204, 193, 183, 174, 171, 174, 186, 199, 207, 207, 202, 194, 181, 164, 148, 138, 132, 124, 112, 98, 90, 93, 105, 114, 98, 53, 3, 0, 28, 87, 125, 129, 125, 131, 139, 129, 108, 96, 102, 110, 113, 122, 148, 174, 169, 126, 73, 44, 46, 58, 64, 67, 76, 98, 124, 141, 144, 136, 126, 119, 119, 129, 153, 181, 193, 171, 125, 82, 67, 75, 87, 89, 87, 93, 108, 126, 136, 134, 123, 110, 106, 119, 148, 181, 203, 206, 194, 183, 181, 
  185, 186, 181, 177, 183, 198, 214, 224, 223, 213, 195, 175, 160, 155, 154, 147, 133, 113, 98, 96, 108, 122, 110, 61, 1, 0, 11, 77, 122, 125, 112, 112, 124, 127, 115, 105, 107, 112, 115, 126, 154, 180, 173, 123, 58, 20, 22, 44, 63, 71, 77, 91, 108, 122, 128, 126, 119, 110, 108, 124, 159, 195, 204, 171, 113, 71, 67, 90, 110, 111, 102, 100, 112, 128, 135, 127, 112, 98, 100, 123, 162, 200, 216, 208, 188, 176, 178, 187, 193, 193, 192, 198, 213, 229, 235, 225, 202, 179, 164, 159, 
  157, 153, 140, 117, 93, 84, 96, 106, 82, 22, 0, 0, 34, 102, 129, 119, 105, 108, 117, 116, 110, 113, 122, 125, 123, 132, 157, 174, 157, 105, 49, 21, 27, 48, 66, 78, 86, 94, 101, 108, 116, 121, 119, 113, 117, 140, 169, 180, 161, 122, 91, 85, 98, 114, 121, 118, 114, 115, 119, 121, 117, 110, 107, 112, 129, 157, 187, 204, 202, 189, 180, 182, 192, 199, 202, 204, 206, 211, 220, 229, 230, 214, 188, 165, 152, 142, 129, 114, 101, 97, 101, 108, 101, 71, 23, 0, 0, 41, 87, 114, 
  122, 128, 131, 125, 114, 108, 112, 117, 122, 137, 159, 167, 142, 92, 47, 28, 29, 38, 53, 73, 91, 100, 103, 107, 114, 114, 108, 109, 128, 154, 169, 161, 138, 118, 112, 117, 124, 125, 121, 115, 114, 116, 119, 119, 117, 114, 114, 121, 138, 160, 178, 184, 181, 179, 181, 186, 192, 198, 204, 208, 211, 215, 221, 225, 219, 204, 185, 168, 152, 133, 114, 98, 91, 95, 105, 103, 75, 28, 0, 0, 42, 86, 107, 109, 112, 120, 124, 120, 115, 118, 124, 127, 131, 144, 159, 154, 122, 78, 44, 34, 
  42, 58, 74, 84, 89, 93, 98, 104, 107, 108, 114, 127, 141, 147, 143, 139, 141, 148, 152, 149, 141, 134, 127, 122, 119, 118, 120, 124, 128, 131, 136, 142, 149, 153, 159, 166, 176, 186, 195, 203, 211, 217, 221, 223, 225, 224, 218, 205, 188, 169, 150, 135, 124, 114, 103, 93, 86, 75, 49, 15, 0, 15, 60, 99, 115, 116, 115, 118, 119, 119, 126, 138, 150, 162, 175, 179, 157, 107, 56, 34, 44, 61, 67, 63, 61, 66, 70, 73, 77, 84, 93, 102, 114, 125, 134, 143, 154, 166, 173, 171, 
  164, 158, 154, 146, 136, 128, 124, 124, 124, 124, 124, 125, 128, 134, 145, 156, 164, 170, 178, 189, 201, 210, 216, 219, 221, 225, 228, 226, 213, 188, 160, 140, 129, 124, 122, 119, 102, 58, 1, 0, 0, 36, 84, 98, 89, 87, 100, 112, 115, 116, 124, 137, 150, 165, 183, 191, 169, 117, 65, 42, 49, 65, 72, 69, 65, 61, 58, 58, 63, 71, 74, 71, 70, 85, 117, 155, 179, 182, 171, 163, 166, 173, 175, 168, 157, 148, 145, 146, 145, 136, 121, 109, 112, 130, 152, 163, 162, 159, 164, 178, 
  195, 208, 214, 218, 221, 226, 225, 214, 194, 173, 159, 153, 152, 151, 141, 112, 58, 0, 0, 0, 23, 72, 89, 81, 72, 75, 84, 91, 98, 114, 138, 163, 183, 197, 197, 171, 122, 73, 49, 57, 79, 92, 88, 71, 53, 41, 41, 46, 47, 40, 34, 45, 82, 132, 168, 175, 162, 152, 161, 182, 200, 202, 190, 175, 166, 161, 155, 143, 124, 107, 103, 119, 143, 159, 159, 151, 150, 163, 183, 202, 214, 219, 218, 216, 216, 213, 202, 187, 176, 173, 173, 167, 148, 109, 48, 0, 0, 0, 39, 82, 
  81, 55, 41, 48, 63, 77, 96, 124, 152, 172, 188, 201, 195, 157, 103, 69, 75, 104, 122, 116, 91, 63, 42, 34, 35, 35, 27, 17, 27, 63, 110, 141, 145, 136, 136, 156, 186, 210, 216, 205, 188, 177, 175, 172, 159, 137, 119, 118, 131, 145, 147, 137, 127, 130, 148, 176, 199, 208, 206, 202, 206, 216, 223, 218, 204, 190, 181, 179, 178, 170, 141, 83, 11, 0, 0, 33, 82, 89, 60, 30, 23, 39, 62, 85, 108, 131, 152, 171, 185, 183, 157, 119, 94, 101, 128, 146, 138, 107, 72, 48, 
  37, 32, 23, 12, 7, 22, 55, 91, 112, 113, 110, 122, 152, 188, 215, 223, 216, 202, 188, 179, 173, 164, 152, 142, 138, 139, 140, 136, 127, 121, 124, 137, 157, 176, 188, 193, 193, 195, 199, 202, 202, 200, 199, 197, 192, 181, 161, 126, 77, 27, 2, 16, 53, 77, 70, 42, 20, 18, 32, 54, 81, 109, 131, 143, 148, 151, 148, 134, 114, 106, 119, 139, 143, 126, 98, 74, 55, 36, 20, 14, 23, 44, 65, 81, 89, 93, 100, 116, 145, 179, 206, 218, 218, 211, 199, 184, 173, 168, 169, 169, 
  164, 154, 141, 131, 126, 128, 138, 151, 164, 173, 176, 175, 175, 177, 183, 190, 195, 199, 200, 196, 185, 172, 159, 137, 98, 52, 28, 44, 81, 98, 77, 37, 13, 17, 39, 64, 89, 112, 126, 129, 129, 131, 131, 123, 114, 116, 134, 152, 150, 127, 94, 64, 39, 20, 15, 28, 53, 72, 75, 70, 70, 83, 107, 133, 161, 185, 204, 212, 209, 200, 188, 180, 176, 179, 183, 181, 167, 148, 133, 130, 138, 149, 159, 165, 167, 167, 166, 169, 174, 180, 183, 185, 186, 186, 183, 178, 169, 153, 123, 82, 
  49, 45, 70, 98, 99, 72, 39, 23, 30, 50, 72, 93, 108, 117, 123, 128, 131, 124, 112, 108, 122, 144, 152, 138, 110, 80, 51, 28, 20, 35, 62, 78, 72, 56, 53, 68, 94, 121, 145, 168, 186, 198, 202, 201, 193, 182, 175, 178, 188, 193, 182, 159, 140, 134, 142, 154, 164, 167, 166, 164, 166, 171, 176, 179, 180, 182, 188, 193, 190, 181, 171, 160, 138, 103, 70, 61, 79, 99, 94, 65, 34, 23, 34, 54, 74, 89, 98, 103, 108, 117, 124, 121, 112, 109, 120, 138, 145, 131, 101, 68, 
  41, 28, 35, 58, 77, 78, 61, 48, 53, 76, 105, 130, 152, 170, 183, 190, 192, 191, 186, 180, 178, 183, 190, 186, 168, 147, 140, 150, 166, 174, 169, 160, 154, 155, 161, 168, 173, 175, 178, 182, 185, 182, 174, 167, 164, 157, 136, 104, 82, 85, 103, 109, 88, 54, 35, 40, 58, 74, 84, 90, 95, 99, 107, 114, 117, 113, 110, 116, 129, 136, 126, 99, 67, 41, 32, 43, 67, 82, 75, 54, 43, 54, 82, 110, 129, 143, 155, 168, 178, 185, 186, 184, 183, 188, 197, 199, 187, 166, 152, 153, 
  166, 176, 176, 167, 157, 152, 155, 165, 174, 178, 174, 169, 166, 165, 164, 162, 162, 164, 157, 134, 105, 90, 98, 113, 112, 88, 60, 47, 53, 67, 79, 88, 94, 99, 103, 109, 115, 118, 114, 108, 110, 124, 138, 133, 101, 60, 37, 46, 75, 95, 88, 61, 39, 40, 63, 94, 119, 132, 141, 153, 166, 174, 173, 170, 174, 189, 204, 207, 193, 170, 150, 145, 157, 177, 187, 179, 162, 152, 154, 163, 171, 176, 178, 176, 171, 165, 161, 155, 150, 152, 157, 152, 127, 95, 81, 92, 105, 95, 67, 44, 
  44, 59, 74, 84, 91, 96, 100, 104, 112, 118, 115, 108, 108, 122, 138, 135, 105, 64, 39, 46, 75, 98, 94, 70, 49, 52, 74, 99, 115, 124, 133, 145, 159, 168, 169, 164, 162, 173, 192, 203, 195, 174, 155, 152, 164, 181, 190, 184, 168, 155, 155, 167, 180, 183, 180, 174, 171, 168, 164, 159, 155, 154, 152, 142, 119, 88, 67, 69, 89, 104, 96, 71, 51, 50, 65, 83, 94, 98, 98, 99, 103, 108, 108, 105, 107, 122, 140, 138, 107, 63, 39, 51, 84, 106, 100, 75, 53, 51, 70, 98, 
  119, 128, 131, 139, 154, 165, 167, 164, 166, 177, 190, 195, 188, 175, 162, 159, 167, 181, 187, 179, 166, 158, 161, 169, 176, 179, 180, 177, 171, 163, 157, 153, 152, 157, 164, 156, 122, 79, 60, 78, 110, 117, 89, 52, 35, 44, 65, 86, 100, 104, 102, 100, 105, 113, 114, 108, 108, 123, 140, 135, 103, 62, 42, 55, 86, 106, 98, 71, 48, 49, 74, 103, 121, 124, 126, 135, 150, 160, 162, 161, 166, 178, 192, 197, 188, 172, 159, 158, 169, 184, 190, 182, 167, 158, 159, 167, 176, 182, 183, 180, 
  173, 164, 157, 153, 150, 151, 157, 156, 133, 90, 56, 59, 89, 110, 96, 61, 37, 41, 60, 77, 88, 95, 98, 98, 100, 107, 114, 112, 110, 120, 136, 137, 108, 69, 51, 66, 94, 107, 94, 69, 51, 51, 70, 97, 117, 123, 122, 127, 141, 156, 161, 159, 161, 171, 185, 191, 185, 170, 157, 155, 166, 182, 190, 184, 167, 153, 150, 159, 173, 183, 185, 180, 171, 160, 152, 148, 150, 156, 162, 161, 143, 106, 65, 47, 65, 100, 117, 97, 56, 29, 34, 61, 87, 99, 100, 98, 98, 101, 105, 107, 
  106, 113, 130, 144, 136, 102, 69, 63, 87, 113, 114, 92, 66, 57, 69, 92, 113, 123, 123, 124, 136, 152, 161, 159, 157, 165, 182, 193, 190, 177, 164, 159, 165, 179, 192, 193, 181, 164, 156, 159, 169, 179, 185, 186, 179, 168, 155, 149, 150, 155, 159, 158, 145, 116, 79, 52, 55, 82, 110, 112, 84, 51, 37, 48, 72, 93, 103, 104, 98, 94, 96, 104, 110, 112, 119, 133, 142, 125, 86, 54, 58, 88, 110, 101, 74, 53, 54, 73, 98, 119, 129, 129, 128, 134, 146, 155, 159, 165, 178, 190, 
  192, 181, 167, 161, 164, 174, 185, 190, 185, 172, 160, 157, 162, 173, 183, 190, 190, 182, 169, 158, 154, 156, 161, 165, 162, 146, 110, 65, 35, 43, 82, 119, 120, 85, 42, 25, 39, 67, 91, 103, 101, 94, 89, 94, 105, 111, 114, 122, 140, 151, 140, 108, 82, 82, 101, 117, 112, 88, 61, 51, 65, 93, 117, 124, 121, 120, 129, 141, 148, 152, 160, 174, 187, 189, 180, 165, 155, 158, 171, 187, 194, 187, 173, 160, 155, 160, 169, 177, 180, 180, 180, 177, 169, 157, 149, 149, 157, 165, 159, 131, 
  87, 53, 53, 85, 117, 117, 83, 42, 25, 34, 56, 79, 94, 99, 93, 87, 91, 102, 109, 109, 113, 128, 138, 124, 89, 60, 62, 88, 115, 121, 105, 78, 58, 57, 77, 106, 126, 128, 122, 121, 127, 137, 145, 152, 162, 174, 181, 179, 169, 158, 155, 163, 178, 189, 190, 180, 166, 157, 159, 167, 176, 181, 181, 181, 180, 174, 166, 158, 154, 153, 155, 159, 159, 143, 108, 70, 58, 82, 117, 126, 96, 49, 20, 24, 53, 83, 100, 100, 91, 84, 86, 96, 107, 112, 117, 129, 143, 145, 122, 86, 
  61, 68, 100, 127, 126, 95, 60, 45, 61, 94, 122, 132, 127, 121, 123, 130, 139, 150, 161, 171, 178, 180, 176, 167, 155, 149, 159, 181, 197, 193, 175, 158, 155, 164, 176, 184, 185, 181, 176, 173, 171, 167, 162, 159, 161, 162, 159, 148, 128, 97, 63, 44, 55, 83, 98, 80, 44, 22, 30, 58, 84, 97, 98, 91, 82, 82, 93, 107, 115, 118, 122, 133, 140, 129, 100, 71, 63, 83, 114, 129, 114, 78, 49, 50, 77, 111, 133, 135, 126, 117, 119, 131, 146, 159, 166, 170, 172, 173, 168, 158, 
  152, 154, 166, 180, 186, 180, 166, 155, 155, 166, 180, 187, 185, 175, 166, 165, 173, 179, 178, 169, 159, 151, 148, 147, 140, 119, 86, 57, 54, 79, 107, 106, 74, 35, 20, 37, 68, 94, 101, 93, 79, 73, 82, 102, 119, 124, 124, 129, 138, 141, 129, 107, 86, 76, 84, 105, 122, 119, 91, 59, 48, 66, 100, 125, 131, 124, 117, 118, 129, 145, 159, 164, 164, 164, 167, 169, 164, 155, 150, 155, 168, 178, 180, 169, 155, 148, 153, 168, 181, 184, 174, 163, 159, 166, 178, 186, 185, 176, 162, 149, 
  143, 145, 148, 137, 105, 70, 58, 78, 105, 104, 70, 32, 20, 38, 65, 83, 88, 81, 72, 71, 86, 110, 124, 120, 112, 118, 136, 148, 143, 130, 121, 113, 103, 93, 93, 101, 105, 96, 81, 70, 72, 83, 100, 116, 126, 127, 126, 129, 140, 151, 157, 159, 162, 166, 168, 163, 157, 153, 154, 158, 162, 166, 166, 161, 152, 144, 145, 154, 166, 172, 169, 163, 160, 164, 173, 181, 185, 182, 173, 160, 147, 139, 138, 138, 127, 101, 70, 57, 68, 86, 86, 64, 39, 32, 46, 67, 82, 86, 82, 77, 
  79, 93, 112, 123, 122, 117, 121, 133, 143, 142, 131, 122, 121, 123, 121, 106, 86, 74, 79, 95, 107, 102, 88, 79, 88, 108, 129, 142, 143, 138, 134, 139, 150, 159, 161, 155, 152, 153, 157, 157, 152, 145, 143, 148, 157, 165, 166, 160, 155, 156, 162, 169, 171, 170, 168, 166, 166, 168, 173, 178, 180, 176, 166, 152, 141, 136, 133, 122, 100, 77, 70, 84, 100, 97, 72, 43, 30, 41, 63, 82, 87, 81, 74, 75, 87, 105, 117, 122, 124, 130, 140, 148, 148, 142, 135, 131, 132, 140, 147, 140, 
  113, 77, 55, 64, 94, 118, 116, 92, 70, 68, 86, 113, 134, 143, 140, 135, 138, 148, 157, 157, 150, 148, 155, 168, 173, 165, 148, 135, 133, 144, 162, 174, 171, 155, 140, 136, 145, 159, 169, 171, 168, 163, 162, 165, 169, 171, 173, 178, 183, 180, 162, 137, 117, 105, 94, 83, 77, 82, 89, 84, 63, 38, 25, 28, 42, 63, 84, 96, 94, 84, 79, 88, 107, 124, 136, 145, 152, 153, 148, 142, 138, 138, 141, 145, 147, 141, 126, 106, 93, 88, 86, 80, 74, 74, 84, 95, 98, 92, 86, 88, 
  101, 122, 142, 153, 153, 147, 142, 144, 153, 162, 166, 164, 159, 154, 152, 150, 147, 142, 140, 143, 150, 154, 152, 148, 147, 150, 155, 161, 166, 167, 164, 160, 160, 167, 176, 183, 183, 180, 176, 174, 169, 158, 141, 126, 114, 101, 84, 69, 65, 72, 77, 68, 48, 32, 28, 35, 48, 65, 84, 98, 100, 96, 100, 113, 128, 139, 148, 159, 168, 167, 160, 153, 148, 145, 141, 141, 142, 136, 122, 106, 95, 90, 89, 90, 93, 95, 89, 76, 65, 68, 82, 99, 112, 120, 124, 125, 126, 131, 141, 153, 
  161, 165, 167, 169, 168, 160, 150, 143, 142, 144, 146, 146, 142, 134, 127, 125, 129, 137, 143, 146, 147, 147, 148, 150, 152, 156, 160, 166, 171, 175, 176, 176, 174, 174, 174, 175, 176, 177, 175, 161, 138, 113, 95, 80, 61, 42, 36, 50, 73, 82, 65, 35, 14, 16, 39, 73, 105, 121, 119, 111, 113, 129, 149, 162, 169, 177, 187, 191, 183, 165, 145, 130, 124, 126, 131, 129, 115, 91, 69, 55, 54, 62, 72, 80, 84, 85, 88, 93, 100, 105, 110, 118, 127, 138, 148, 157, 160, 158, 152, 147, 
  148, 154, 157, 155, 147, 137, 131, 128, 127, 125, 121, 115, 114, 117, 122, 127, 127, 127, 128, 132, 140, 146, 150, 151, 152, 155, 161, 167, 171, 173, 173, 172, 171, 170, 169, 168, 166, 164, 162, 162, 162, 163, 162, 158, 150, 141, 133, 123, 112, 99, 84, 65, 46, 38, 49, 76, 98, 97, 75, 51, 44, 61, 93, 121, 134, 134, 131, 133, 141, 147, 145, 140, 140, 148, 159, 161, 148, 125, 100, 83, 81, 88, 96, 96, 86, 74, 67, 67, 72, 79, 87, 98, 110, 125, 140, 150, 152, 147, 143, 147, 
  161, 177, 186, 184, 168, 144, 122, 112, 112, 113, 107, 93, 82, 82, 89, 94, 93, 89, 89, 97, 114, 135, 154, 162, 161, 156, 157, 165, 174, 178, 174, 167, 161, 157, 154, 149, 141, 133, 128, 127, 131, 134, 133, 127, 120, 118, 124, 136, 147, 150, 147, 143, 143, 148, 155, 162, 167, 170, 173, 177, 183, 187, 185, 177, 166, 153, 142, 133, 124, 108, 81, 47, 25, 28, 50, 68, 66, 47, 27, 23, 37, 62, 86, 103, 113, 123, 138, 156, 167, 166, 156, 148, 152, 164, 175, 174, 159, 132, 107, 91, 
  87, 87, 84, 77, 70, 66, 65, 66, 68, 71, 74, 79, 91, 113, 138, 155, 159, 154, 152, 158, 169, 180, 186, 186, 180, 171, 162, 154, 143, 128, 112, 99, 91, 85, 75, 65, 60, 64, 73, 82, 86, 90, 98, 114, 135, 155, 169, 175, 176, 177, 179, 183, 183, 179, 171, 161, 152, 145, 138, 129, 119, 109, 101, 99, 103, 109, 114, 114, 114, 116, 122, 130, 136, 142, 149, 154, 159, 164, 169, 172, 171, 167, 164, 165, 169, 172, 173, 170, 165, 162, 161, 161, 160, 156, 149, 139, 129, 121, 115, 108, 
  91, 70, 56, 55, 53, 37, 16, 15, 41, 73, 89, 90, 88, 90, 94, 101, 117, 142, 162, 168, 166, 167, 171, 167, 152, 133, 119, 111, 109, 110, 110, 102, 84, 63, 51, 51, 58, 66, 73, 84, 96, 110, 124, 136, 145, 151, 155, 162, 171, 182, 190, 192, 187, 175, 162, 152, 145, 137, 126, 114, 103, 95, 91, 89, 86, 81, 75, 75, 82, 96, 108, 114, 114, 115, 126, 144, 162, 171, 169, 165, 164, 163, 159, 150, 141, 135, 129, 122, 115, 112, 110, 107, 101, 97, 96, 101, 108, 115, 121, 125, 
  131, 137, 143, 147, 150, 153, 155, 156, 157, 159, 160, 160, 155, 149, 145, 143, 141, 140, 140, 140, 141, 142, 141, 142, 141, 140, 138, 137, 138, 142, 148, 154, 157, 157, 157, 158, 161, 161, 157, 150, 141, 130, 119, 109, 101, 93, 84, 82, 88, 91, 79, 50, 27, 27, 49, 74, 86, 89, 95, 105, 115, 121, 124, 126, 127, 132, 143, 162, 178, 178, 159, 130, 106, 98, 100, 101, 94, 83, 77, 82, 91, 95, 91, 83, 77, 79, 91, 113, 138, 157, 164, 162, 160, 167, 176, 179, 171, 158, 150, 151, 
  155, 155, 149, 136, 119, 102, 89, 85, 87, 90, 91, 93, 100, 112, 124, 131, 131, 129, 131, 137, 147, 156, 164, 169, 169, 164, 155, 147, 138, 124, 105, 89, 84, 92, 105, 112, 112, 107, 105, 107, 112, 117, 122, 127, 133, 142, 154, 165, 171, 169, 161, 149, 141, 140, 143, 144, 141, 137, 134, 136, 138, 137, 133, 125, 119, 117, 122, 132, 141, 145, 145, 144, 147, 150, 152, 150, 147, 143, 141, 143, 147, 150, 152, 152, 150, 147, 143, 139, 136, 133, 131, 131, 134, 140, 140, 129, 110, 91, 79, 76, 
  75, 72, 68, 72, 84, 97, 100, 88, 70, 60, 63, 75, 88, 100, 114, 127, 136, 141, 143, 144, 140, 128, 114, 106, 108, 116, 121, 118, 112, 108, 105, 101, 94, 88, 84, 82, 84, 93, 108, 125, 136, 140, 141, 144, 147, 147, 145, 142, 141, 143, 147, 150, 152, 149, 141, 129, 117, 109, 105, 103, 100, 98, 100, 106, 114, 121, 126, 128, 129, 130, 133, 138, 145, 149, 152, 153, 155, 156, 153, 149, 143, 137, 129, 122, 117, 114, 108, 101, 96, 96, 99, 104, 107, 110, 115, 121, 129, 138, 146, 152, 
  156, 157, 159, 160, 161, 160, 157, 151, 145, 141, 138, 134, 129, 124, 120, 119, 119, 119, 120, 122, 122, 123, 126, 131, 136, 141, 143, 144, 143, 143, 145, 147, 147, 144, 141, 140, 140, 139, 138, 136, 133, 130, 128, 127, 127, 128, 128, 127, 126, 126, 128, 130, 131, 129, 128, 129, 134, 141, 143, 141, 138, 134, 131, 126, 120, 114, 107, 99, 93, 87, 82, 76, 68, 60, 55, 57, 67, 81, 93, 100, 103, 109, 119, 130, 138, 139, 136, 134, 136, 141, 145, 146, 141, 133, 124, 116, 110, 104, 98, 90, 
  84, 82, 86, 94, 101, 107, 110, 114, 121, 128, 136, 143, 147, 148, 148, 151, 155, 157, 155, 149, 141, 134, 128, 123, 119, 113, 107, 101, 100, 102, 107, 110, 114, 117, 121, 124, 129, 136, 143, 148, 150, 152, 155, 159, 161, 159, 155, 150, 143, 137, 133, 127, 121, 113, 108, 107, 108, 110, 112, 114, 115, 117, 121, 124, 127, 129, 131, 135, 140, 143, 143, 141, 140, 139, 138, 135, 133, 132, 133, 134, 134, 135, 134, 134, 133, 131, 131, 131, 131, 130, 129, 130, 131, 133, 134, 136, 136, 136, 136, 136, 
  135, 133, 131, 130, 129, 129, 127, 126, 126, 127, 129, 130, 131, 132, 133, 133, 131, 129, 126, 123, 121, 119, 119, 120, 122, 125, 127, 129, 131, 132, 131, 128, 124, 121, 121, 122, 122, 122, 121, 121, 122, 124, 124, 122, 119, 116, 114, 113, 114, 116, 119, 122, 124, 126, 129, 132, 133, 130, 124, 119, 117, 117, 115, 112, 108, 105, 103, 102, 100, 94, 84, 75, 70, 73, 80, 91, 102, 112, 122, 132, 142, 150, 155, 155, 148, 140, 134, 132, 131, 129, 126, 121, 119, 118, 117, 114, 110, 105, 98, 92, 
  89, 93, 101, 111, 121, 129, 138, 147, 155, 161, 162, 160, 155, 150, 145, 141, 136, 132, 128, 124, 121, 118, 117, 116, 114, 109, 105, 103, 105, 109, 115, 121, 127, 134, 141, 149, 155, 158, 157, 155, 152, 148, 143, 139, 136, 133, 128, 122, 119, 118, 117, 115, 112, 109, 108, 110, 114, 118, 122, 126, 129, 131, 133, 136, 141, 149, 153, 153, 148, 142, 138, 136, 136, 135, 133, 128, 124, 122, 122, 124, 126, 126, 124, 120, 119, 121, 126, 128, 128, 126, 126, 128, 131, 134, 134, 133, 129, 126, 126, 127, 
  128, 126, 122, 119, 119, 120, 122, 124, 126, 126, 124, 123, 124, 126, 127, 128, 129, 131, 131, 131, 131, 132, 133, 131, 129, 129, 129, 129, 128, 126, 126, 126, 128, 129, 131, 131, 129, 127, 124, 122, 121, 121, 122, 124, 126, 127, 129, 131, 133, 133, 133, 131, 128, 124, 121, 119, 117, 116, 115, 117, 119, 119, 117, 114, 108, 98, 84, 71, 65, 68, 75, 84, 94, 108, 124, 140, 152, 159, 162, 160, 152, 141, 131, 125, 120, 116, 110, 107, 108, 113, 117, 118, 115, 111, 107, 102, 98, 96, 98, 102, 
  107, 113, 122, 136, 150, 161, 166, 166, 164, 160, 154, 146, 136, 125, 115, 108, 103, 103, 105, 109, 112, 114, 117, 121, 124, 126, 126, 124, 124, 126, 131, 137, 143, 147, 150, 153, 155, 157, 155, 150, 143, 134, 124, 115, 109, 105, 103, 102, 103, 107, 113, 120, 128, 134, 138, 139, 140, 141, 141, 141, 140, 140, 140, 139, 138, 139, 140, 137, 129, 121, 117, 119, 121, 119, 114, 110, 110, 114, 121, 127, 133, 135, 136, 138, 141, 144, 145, 143, 140, 134, 129, 126, 126, 126, 126, 124, 122, 121, 123, 124, 
  126, 125, 123, 120, 119, 120, 123, 125, 126, 124, 123, 123, 127, 133, 136, 136, 132, 130, 129, 130, 129, 126, 122, 120, 119, 119, 121, 124, 127, 128, 128, 127, 127, 129, 129, 128, 126, 123, 122, 123, 124, 125, 126, 125, 124, 123, 122, 123, 124, 123, 121, 119, 119, 120, 122, 124, 124, 124, 124, 124, 124, 125, 126, 126, 126, 124, 124, 125, 126, 125, 122, 120, 119, 118, 117, 117, 119, 120, 121, 119, 119, 120, 122, 125, 126, 127, 128, 129, 129, 129, 128, 125, 122, 119, 117, 115, 112, 108, 103, 99, 
  96, 95, 96, 99, 103, 108, 114, 121, 129, 136, 141, 145, 147, 146, 143, 140, 136, 133, 129, 126, 122, 119, 117, 117, 119, 119, 117, 115, 114, 114, 115, 117, 119, 121, 124, 127, 131, 136, 141, 145, 147, 148, 148, 148, 145, 141, 136, 131, 126, 121, 117, 115, 114, 113, 114, 114, 115, 118, 122, 126, 129, 131, 133, 134, 135, 136, 138, 140, 140, 139, 138, 138, 138, 137, 134, 131, 128, 123, 119, 115, 112, 110, 108, 108, 110, 113, 115, 119, 126, 133, 140, 143, 145, 146, 147, 147, 145, 141, 136, 131, 
  127, 125, 124, 124, 124, 123, 122, 122, 122, 123, 124, 124, 122, 121, 121, 122, 124, 126, 128, 129, 131, 133, 136, 139, 139, 138, 136, 134, 131, 127, 124, 121, 119, 117, 117, 119, 122, 124, 126, 127, 127, 128, 129, 130, 129, 126, 124, 124, 124, 123, 122, 122, 124, 125, 126, 126, 127, 129, 129, 128, 126, 124, 122, 122, 122, 122, 121, 118, 117, 118, 119, 119, 119, 118, 119, 120, 122, 124, 124, 123, 122, 123, 126, 127, 126, 124, 122, 121, 120, 120, 121, 121, 119, 116, 115, 116, 117, 117, 117, 119, 
  120, 122, 122, 124, 126, 126, 126, 125, 124, 123, 122, 123, 124, 125, 124, 123, 122, 123, 124, 126, 127, 127, 126, 125, 124, 123, 122, 121, 120, 121, 121, 120, 119, 117, 115, 113, 112, 113, 115, 117, 119, 121, 126, 131, 136, 141, 145, 146, 143, 139, 136, 133, 129, 125, 122, 120, 119, 119, 122, 126, 128, 127, 127, 129, 131, 132, 131, 129, 128, 125, 122, 120, 121, 122, 124, 126, 128, 130, 131, 132, 135, 136, 136, 134, 131, 130, 129, 128, 126, 125, 124, 123, 123, 124, 126, 127, 128, 128, 129, 129, 
  129, 130, 131, 131, 129, 129, 129, 130, 131, 132, 134, 136, 136, 135, 134, 134, 133, 130, 127, 125, 122, 121, 121, 121, 122, 123, 124, 126, 129, 131, 131, 131, 131, 132, 133, 132, 131, 130, 129, 130, 131, 131, 131, 132, 133, 133, 131, 128, 126, 125, 124, 122, 119, 116, 115, 116, 115, 114, 112, 110, 107, 101, 96, 95, 98, 101, 103, 105, 110, 118, 128, 136, 143, 148, 150, 150, 148, 145, 142, 136, 129, 121, 114, 109, 107, 106, 105, 105, 107, 109, 112, 115, 119, 123, 126, 127, 127, 129, 131, 133, 
  134, 135, 136, 137, 138, 138, 138, 139, 138, 135, 131, 127, 122, 117, 112, 109, 108, 107, 107, 108, 112, 116, 121, 125, 129, 134, 138, 141, 143, 144, 143, 141, 138, 136, 135, 133, 131, 128, 124, 122, 120, 120, 121, 120, 119, 117, 117, 118, 119, 120, 121, 121, 122, 124, 128, 132, 134, 135, 136, 138, 139, 139, 138, 136, 134, 131, 128, 125, 122, 120, 117, 115, 115, 116, 117, 119, 120, 122, 122, 122, 122, 123, 124, 126, 127, 129, 131, 132, 133, 133, 135, 136, 136, 135, 133, 129, 126, 123, 121, 119, 
  117, 115, 114, 114, 115, 118, 121, 123, 124, 125, 126, 127, 129, 131, 131, 130, 129, 128, 127, 128, 129, 131, 131, 130, 129, 130, 131, 131, 129, 127, 126, 124, 122, 121, 121, 121, 121, 120, 119, 119, 121, 122, 124, 125, 126, 127, 128, 128, 129, 130, 131, 131, 131, 130, 129, 128, 128, 127, 126, 124, 122, 121, 121, 120, 119, 117, 115, 116, 117, 118, 119, 120, 122, 124, 126, 127, 129, 131, 131, 130, 129, 130, 129, 127, 124, 123, 122, 121, 119, 117, 117, 118, 119, 120, 120, 122, 123, 122, 122, 123, 
  124, 126, 125, 124, 124, 125, 125, 125, 124, 125, 127, 128, 128, 127, 127, 127, 126, 125, 124, 122, 121, 120, 120, 120, 119, 119, 120, 122, 124, 127, 129, 130, 131, 132, 132, 132, 131, 129, 127, 126, 126, 125, 124, 123, 123, 122, 122, 123, 124, 125, 126, 125, 126, 127, 127, 127, 128, 128, 128, 126, 126, 126, 128, 128, 127, 127, 126, 125, 126, 127, 128, 127, 126, 124, 124, 125, 126, 126, 128, 129, 129, 128, 128, 129, 131, 131, 131, 130, 129, 128, 128, 129, 129, 126, 122, 121, 122, 124, 124, 125, 
  127, 130, 131, 131, 133, 135, 136, 136, 134, 132, 129, 128, 128, 127, 126, 123, 122, 123, 124, 124, 124, 125, 127, 129, 129, 130, 131, 131, 131, 132, 132, 132, 131, 130, 129, 129, 128, 126, 124, 123, 123, 123, 124, 123, 123, 123, 124, 125, 126, 126, 127, 128, 129, 130, 131, 132, 133, 134, 134, 135, 136, 136, 134, 131, 124, 115, 105, 97, 93, 90, 86, 82, 82, 86, 93, 100, 110, 122, 134, 144, 150, 155, 161, 164, 164, 159, 152, 143, 134, 125, 117, 110, 105, 101, 98, 97, 98, 101, 105, 110, 
  115, 119, 121, 123, 126, 129, 131, 132, 133, 134, 134, 135, 136, 138, 140, 140, 140, 138, 136, 133, 129, 126, 122, 118, 112, 107, 105, 105, 107, 108, 108, 110, 114, 118, 124, 130, 136, 141, 145, 147, 148, 149, 148, 147, 143, 138, 133, 128, 124, 121, 117, 114, 112, 111, 112, 113, 114, 115, 117, 120, 122, 125, 128, 129, 131, 133, 134, 136, 136, 135, 133, 131, 129, 128, 128, 127, 126, 125, 124, 124, 126, 127, 128, 127, 126, 125, 124, 123, 122, 122, 121, 119, 117, 116, 117, 119, 122, 125, 129, 134, 
  138, 141, 143, 145, 147, 146, 143, 140, 136, 133, 127, 121, 115, 111, 108, 106, 105, 104, 105, 107, 110, 114, 119, 123, 127, 132, 134, 136, 136, 136, 136, 135, 133, 131, 129, 127, 124, 121, 119, 119, 119, 118, 117, 116, 115, 116, 117, 118, 119, 119, 121, 122, 122, 122, 122, 124, 126, 126, 126, 126, 128, 129, 129, 129, 128, 126, 124, 123, 122, 122, 120, 118, 117, 117, 117, 118, 119, 121, 122, 123, 124, 125, 126, 126, 128, 129, 129, 128, 126, 125, 126, 127, 127, 127, 126, 125, 124, 125, 126, 126, 
  126, 125, 124, 124, 124, 125, 126, 126, 126, 124, 124, 125, 126, 126, 126, 127, 127, 127, 126, 126, 127, 128, 129, 131, 131, 129, 128, 127, 127, 126, 124, 122, 122, 122, 122, 123, 124, 125, 126, 126, 127, 128, 129, 130, 131, 131, 129, 128, 127, 129, 129, 128, 127, 128, 129, 130, 129, 129, 131, 133, 133, 132, 131, 130, 129, 128, 127, 126, 124, 122, 122, 123, 124, 123, 122, 122, 124, 126, 127, 128, 129, 131, 133, 133, 133, 134, 134, 134, 131, 129, 127, 127, 126, 125, 124, 124, 124, 124, 124, 125, 
  126, 127, 127, 129, 131, 133, 132, 132, 131, 130, 129, 128, 128, 127, 126, 123, 123, 123, 124, 123, 123, 123, 124, 125, 126, 127, 127, 127, 126, 126, 127, 127, 126, 124, 124, 124, 124, 125, 126, 127, 128, 128, 129, 130, 131, 130, 127, 124, 121, 118, 115, 112, 109, 107, 106, 107, 109, 110, 113, 118, 122, 127, 133, 137, 140, 141, 141, 142, 142, 139, 136, 133, 129, 125, 120, 117, 115, 114, 112, 110, 110, 113, 115, 116, 117, 120, 124, 126, 128, 129, 131, 132, 131, 130, 129, 129, 128, 126, 126, 127, 