134, 137, 138, 138, 137, 137, 137, 139, 141, 142, 142, 140, 138, 137, 139, 142, 143, 141, 138, 136, 135, 133, 130, 127, 126, 129, 134, 133, 124, 115, 115, 121, 125, 123, 116, 111, 108, 106, 104, 105, 110, 115, 113, 105, 98, 99, 105, 108, 108, 107, 108, 108, 106, 104, 105, 111, 117, 119, 116, 112, 112, 116, 120, 121, 123, 127, 130, 128, 123, 122, 126, 131, 135, 136, 135, 132, 129, 129, 131, 135, 139, 141, 138, 132, 129, 129, 133, 137, 138, 137, 133, 131, 130, 130, 133, 137, 139, 137, 133, 132, 
  133, 135, 137, 140, 142, 141, 138, 136, 138, 142, 145, 147, 146, 144, 142, 141, 141, 142, 144, 146, 145, 141, 137, 134, 130, 125, 125, 132, 138, 133, 120, 109, 111, 121, 128, 123, 114, 108, 105, 99, 94, 99, 112, 121, 115, 100, 89, 90, 99, 107, 109, 108, 107, 106, 102, 99, 102, 111, 120, 122, 117, 113, 113, 116, 119, 122, 127, 132, 135, 132, 125, 121, 124, 132, 139, 141, 140, 137, 131, 125, 125, 132, 143, 148, 143, 133, 126, 126, 131, 138, 142, 142, 137, 131, 126, 126, 132, 140, 144, 141, 
  136, 133, 133, 135, 139, 144, 148, 148, 145, 141, 139, 141, 146, 151, 151, 148, 144, 142, 141, 140, 140, 141, 139, 130, 123, 123, 132, 139, 134, 119, 109, 112, 120, 121, 114, 107, 106, 105, 100, 95, 98, 108, 116, 111, 97, 87, 91, 102, 107, 104, 100, 100, 102, 100, 99, 104, 114, 119, 116, 110, 109, 114, 120, 121, 120, 122, 128, 132, 130, 124, 123, 129, 136, 137, 134, 133, 134, 134, 132, 131, 135, 140, 142, 138, 132, 130, 133, 138, 141, 140, 139, 139, 137, 134, 135, 141, 148, 150, 145, 140, 
  139, 143, 149, 153, 153, 152, 151, 148, 143, 139, 141, 149, 155, 152, 144, 137, 132, 127, 124, 130, 142, 148, 138, 115, 95, 93, 107, 121, 124, 117, 108, 99, 88, 80, 87, 108, 127, 125, 104, 82, 77, 87, 101, 111, 114, 112, 104, 93, 86, 92, 110, 126, 128, 116, 106, 107, 115, 121, 124, 128, 133, 137, 132, 124, 120, 124, 132, 139, 141, 139, 138, 134, 129, 127, 131, 141, 146, 144, 137, 132, 132, 136, 140, 144, 148, 151, 147, 138, 133, 138, 149, 157, 158, 154, 149, 147, 147, 149, 151, 153, 
  155, 155, 151, 146, 144, 144, 140, 129, 122, 129, 145, 154, 142, 115, 93, 89, 103, 120, 127, 124, 115, 103, 88, 75, 76, 97, 124, 133, 116, 87, 70, 74, 92, 110, 120, 118, 105, 87, 76, 83, 107, 130, 135, 123, 108, 103, 107, 115, 124, 135, 141, 137, 126, 117, 119, 130, 142, 146, 143, 140, 138, 135, 130, 129, 135, 144, 150, 148, 140, 133, 132, 136, 142, 149, 156, 158, 151, 141, 136, 142, 154, 163, 165, 162, 155, 145, 138, 139, 150, 163, 169, 164, 148, 128, 113, 113, 130, 155, 168, 152, 
  115, 85, 81, 100, 121, 132, 132, 122, 102, 76, 61, 72, 103, 129, 127, 102, 76, 66, 72, 85, 102, 117, 121, 108, 88, 77, 84, 103, 120, 126, 122, 114, 109, 108, 109, 114, 124, 137, 143, 137, 126, 120, 122, 129, 136, 141, 147, 152, 149, 137, 126, 126, 137, 150, 156, 155, 149, 142, 137, 138, 146, 158, 167, 168, 159, 147, 142, 149, 159, 165, 164, 161, 158, 152, 147, 148, 155, 156, 144, 127, 123, 136, 153, 153, 132, 106, 95, 102, 114, 120, 119, 116, 111, 97, 77, 63, 68, 94, 120, 123, 
  102, 77, 67, 73, 88, 104, 117, 119, 105, 85, 78, 94, 120, 134, 128, 114, 106, 107, 109, 113, 124, 139, 145, 135, 120, 116, 127, 140, 146, 145, 143, 143, 144, 141, 138, 140, 146, 150, 149, 149, 152, 156, 155, 150, 147, 151, 159, 165, 165, 160, 157, 156, 153, 150, 151, 158, 165, 164, 156, 147, 138, 129, 123, 128, 143, 153, 143, 116, 91, 86, 98, 114, 122, 123, 117, 102, 77, 61, 68, 93, 114, 114, 97, 77, 67, 68, 76, 89, 105, 115, 110, 94, 79, 79, 94, 113, 125, 126, 119, 111, 
  106, 108, 115, 126, 137, 142, 139, 132, 129, 132, 136, 139, 142, 148, 152, 152, 147, 142, 143, 149, 155, 159, 161, 162, 161, 156, 150, 148, 152, 161, 169, 172, 167, 157, 150, 150, 156, 163, 168, 167, 155, 133, 112, 109, 127, 150, 157, 141, 113, 92, 87, 93, 103, 115, 127, 126, 105, 76, 59, 66, 88, 104, 103, 91, 80, 74, 72, 75, 86, 102, 111, 104, 89, 82, 90, 104, 114, 115, 113, 113, 116, 119, 121, 123, 126, 129, 129, 129, 134, 143, 149, 145, 138, 134, 138, 148, 157, 160, 158, 155, 
  151, 148, 150, 160, 172, 176, 170, 160, 155, 157, 163, 167, 168, 167, 165, 161, 156, 153, 154, 155, 147, 130, 117, 123, 142, 153, 143, 118, 97, 91, 95, 102, 111, 120, 120, 102, 70, 49, 59, 91, 115, 115, 97, 78, 67, 65, 73, 91, 113, 121, 107, 84, 74, 86, 106, 116, 115, 112, 113, 114, 115, 118, 126, 133, 134, 129, 126, 132, 145, 154, 151, 141, 135, 141, 153, 162, 166, 165, 161, 152, 144, 145, 157, 174, 183, 177, 164, 156, 157, 161, 166, 171, 175, 174, 165, 153, 141, 131, 125, 126, 
  136, 149, 153, 140, 114, 91, 84, 91, 103, 112, 116, 112, 97, 75, 59, 61, 78, 98, 107, 103, 92, 80, 71, 70, 78, 93, 108, 115, 110, 100, 95, 97, 101, 105, 110, 120, 128, 132, 130, 124, 120, 121, 126, 134, 144, 154, 157, 149, 137, 131, 136, 149, 163, 172, 173, 167, 157, 149, 149, 159, 175, 187, 187, 177, 164, 156, 154, 157, 165, 175, 177, 168, 146, 122, 108, 116, 138, 155, 152, 131, 106, 89, 83, 87, 97, 109, 115, 108, 89, 68, 61, 69, 82, 90, 91, 90, 88, 84, 80, 82, 
  90, 97, 99, 99, 103, 110, 115, 111, 102, 98, 106, 122, 136, 141, 139, 134, 127, 120, 120, 133, 152, 164, 163, 152, 140, 136, 143, 156, 167, 172, 172, 168, 162, 156, 156, 164, 172, 174, 169, 164, 163, 162, 161, 161, 164, 162, 148, 125, 110, 115, 135, 149, 141, 117, 96, 88, 89, 92, 99, 109, 115, 105, 83, 65, 65, 79, 93, 95, 88, 81, 81, 84, 86, 89, 95, 102, 103, 101, 103, 109, 115, 114, 107, 105, 113, 128, 138, 140, 138, 135, 132, 129, 131, 143, 157, 163, 158, 149, 145, 148, 
  155, 161, 164, 166, 168, 168, 166, 165, 168, 173, 173, 166, 157, 154, 158, 163, 164, 162, 156, 145, 126, 107, 101, 112, 131, 137, 122, 95, 76, 74, 83, 95, 106, 110, 102, 81, 62, 59, 73, 90, 98, 93, 86, 85, 88, 90, 91, 95, 100, 102, 101, 105, 113, 119, 117, 109, 105, 111, 125, 138, 143, 141, 137, 133, 131, 134, 145, 159, 168, 166, 157, 148, 148, 156, 164, 167, 168, 170, 173, 173, 171, 170, 169, 164, 156, 151, 154, 161, 168, 169, 161, 140, 112, 92, 96, 123, 149, 150, 124, 91, 
  72, 69, 75, 88, 107, 119, 111, 83, 58, 55, 71, 89, 97, 95, 91, 91, 93, 95, 98, 101, 102, 99, 98, 103, 115, 126, 129, 123, 114, 112, 120, 135, 147, 153, 152, 147, 138, 133, 138, 154, 169, 171, 162, 153, 153, 159, 164, 167, 169, 170, 171, 171, 171, 171, 168, 162, 154, 145, 141, 145, 156, 167, 164, 140, 108, 91, 102, 128, 143, 134, 110, 87, 71, 63, 70, 91, 112, 113, 93, 69, 61, 71, 85, 92, 90, 87, 89, 95, 102, 107, 110, 107, 97, 86, 88, 107, 131, 143, 136, 120, 
  110, 112, 124, 140, 154, 161, 158, 149, 141, 143, 154, 165, 166, 159, 154, 157, 164, 169, 172, 170, 167, 164, 165, 169, 173, 174, 167, 152, 139, 138, 151, 164, 162, 139, 109, 93, 101, 120, 131, 124, 107, 90, 77, 68, 69, 82, 99, 104, 91, 72, 63, 70, 84, 93, 92, 88, 88, 92, 98, 105, 114, 119, 111, 95, 87, 101, 127, 148, 150, 137, 124, 120, 125, 135, 147, 159, 163, 155, 143, 140, 149, 162, 167, 161, 152, 151, 159, 170, 176, 175, 171, 167, 161, 157, 158, 164, 167, 159, 147, 143, 
  150, 156, 149, 127, 105, 98, 108, 124, 130, 123, 108, 93, 78, 67, 67, 82, 102, 110, 100, 83, 72, 73, 81, 87, 90, 92, 96, 100, 104, 108, 113, 113, 105, 93, 94, 111, 136, 151, 149, 135, 123, 120, 126, 137, 151, 163, 166, 157, 146, 146, 157, 166, 163, 154, 149, 155, 166, 174, 174, 169, 164, 159, 155, 154, 158, 164, 163, 152, 140, 140, 149, 151, 136, 110, 94, 99, 116, 127, 120, 104, 91, 83, 75, 68, 73, 90, 103, 98, 79, 66, 70, 82, 89, 89, 89, 94, 101, 106, 110, 116, 
  123, 120, 108, 98, 106, 130, 151, 151, 136, 123, 122, 129, 138, 147, 157, 162, 159, 150, 148, 156, 167, 166, 156, 147, 151, 162, 173, 175, 172, 167, 162, 158, 156, 157, 161, 164, 159, 147, 139, 143, 153, 150, 128, 101, 90, 101, 118, 122, 111, 95, 83, 74, 65, 65, 80, 99, 105, 92, 74, 67, 76, 86, 89, 85, 86, 96, 107, 113, 117, 122, 122, 111, 93, 87, 105, 135, 155, 152, 134, 121, 123, 134, 145, 152, 157, 158, 154, 152, 157, 166, 166, 153, 141, 142, 159, 176, 184, 180, 171, 162, 
  154, 149, 151, 160, 166, 162, 150, 142, 145, 151, 146, 126, 102, 91, 102, 123, 134, 126, 107, 88, 73, 63, 61, 72, 90, 101, 98, 87, 81, 83, 88, 89, 85, 84, 91, 104, 115, 122, 127, 128, 119, 104, 96, 107, 130, 148, 149, 139, 130, 128, 132, 139, 146, 152, 155, 153, 152, 159, 168, 168, 155, 141, 137, 147, 163, 175, 179, 175, 167, 159, 153, 151, 155, 161, 161, 152, 144, 146, 156, 156, 137, 108, 90, 96, 115, 128, 126, 113, 98, 84, 70, 62, 68, 83, 93, 89, 77, 73, 80, 91, 
  95, 89, 80, 80, 92, 109, 124, 132, 128, 112, 94, 87, 100, 126, 148, 154, 145, 134, 132, 138, 145, 147, 147, 146, 146, 150, 160, 173, 178, 167, 147, 135, 139, 154, 169, 176, 175, 170, 164, 159, 156, 156, 157, 154, 146, 141, 146, 158, 160, 142, 111, 86, 83, 98, 116, 123, 117, 104, 91, 80, 72, 70, 77, 89, 94, 90, 86, 93, 103, 107, 98, 84, 79, 87, 104, 121, 132, 131, 119, 103, 96, 104, 122, 136, 138, 133, 131, 136, 145, 152, 152, 145, 138, 137, 144, 156, 168, 174, 167, 151, 
  139, 140, 151, 163, 168, 168, 166, 165, 165, 164, 160, 155, 148, 140, 131, 128, 135, 147, 148, 131, 104, 88, 91, 106, 116, 114, 103, 91, 83, 79, 80, 84, 89, 88, 80, 74, 81, 98, 112, 110, 97, 86, 87, 98, 112, 124, 127, 121, 110, 105, 112, 126, 137, 137, 128, 123, 130, 145, 156, 157, 150, 143, 140, 141, 147, 157, 165, 163, 153, 145, 145, 153, 161, 163, 159, 154, 154, 159, 164, 164, 161, 155, 146, 135, 131, 138, 151, 153, 137, 109, 92, 97, 114, 125, 119, 102, 89, 82, 80, 81, 
  87, 94, 95, 89, 81, 83, 96, 111, 112, 99, 87, 88, 102, 117, 125, 125, 119, 109, 102, 106, 120, 136, 142, 136, 126, 126, 138, 153, 159, 152, 142, 136, 138, 146, 155, 162, 161, 152, 144, 142, 150, 159, 162, 159, 152, 150, 154, 160, 165, 164, 159, 149, 138, 132, 135, 145, 154, 151, 130, 100, 83, 90, 110, 123, 118, 103, 90, 84, 85, 89, 93, 94, 88, 80, 77, 87, 104, 116, 113, 99, 88, 90, 100, 113, 120, 119, 113, 107, 106, 114, 127, 138, 137, 127, 121, 128, 144, 158, 160, 153, 
  143, 138, 142, 151, 160, 161, 155, 146, 141, 145, 154, 161, 159, 151, 145, 146, 153, 159, 162, 161, 155, 146, 138, 135, 138, 145, 149, 143, 126, 106, 97, 104, 118, 124, 116, 102, 92, 90, 93, 96, 97, 94, 88, 82, 80, 87, 101, 114, 115, 104, 93, 94, 105, 116, 119, 112, 104, 100, 104, 114, 126, 137, 138, 129, 119, 119, 132, 146, 151, 146, 139, 138, 145, 154, 158, 156, 150, 145, 143, 146, 154, 160, 160, 153, 146, 146, 151, 157, 159, 157, 153, 150, 148, 148, 147, 147, 147, 145, 136, 120, 
  107, 105, 113, 121, 121, 114, 105, 99, 97, 97, 96, 93, 88, 85, 84, 88, 97, 107, 111, 106, 98, 95, 98, 104, 109, 110, 108, 105, 105, 110, 118, 127, 131, 129, 124, 121, 126, 136, 144, 143, 138, 136, 139, 146, 153, 158, 157, 151, 142, 137, 138, 143, 148, 149, 147, 146, 150, 156, 159, 155, 147, 141, 140, 142, 147, 152, 153, 150, 146, 143, 140, 133, 122, 113, 109, 111, 114, 115, 114, 112, 111, 110, 106, 99, 93, 91, 91, 89, 89, 94, 104, 111, 112, 109, 106, 106, 106, 105, 101, 98, 
  101, 106, 112, 117, 124, 128, 128, 127, 127, 130, 135, 137, 135, 131, 132, 136, 144, 149, 153, 152, 148, 142, 138, 137, 141, 145, 148, 149, 151, 155, 158, 158, 154, 150, 146, 142, 140, 140, 143, 146, 148, 149, 149, 147, 141, 130, 114, 101, 99, 107, 116, 120, 119, 118, 116, 112, 105, 99, 95, 92, 90, 91, 98, 108, 117, 121, 118, 112, 109, 109, 110, 108, 103, 100, 100, 104, 112, 122, 129, 130, 125, 121, 121, 125, 129, 130, 129, 129, 134, 141, 146, 145, 142, 139, 135, 131, 131, 135, 139, 141, 
  139, 140, 143, 149, 153, 152, 148, 144, 141, 138, 138, 142, 147, 149, 147, 144, 143, 143, 145, 146, 143, 134, 123, 114, 111, 114, 120, 123, 121, 116, 113, 114, 114, 111, 106, 102, 98, 95, 94, 99, 107, 113, 113, 111, 109, 110, 112, 112, 107, 100, 95, 96, 103, 112, 121, 127, 127, 125, 123, 124, 128, 132, 132, 128, 126, 129, 135, 141, 143, 141, 136, 131, 129, 132, 136, 137, 136, 134, 135, 138, 143, 147, 147, 143, 140, 140, 143, 146, 147, 146, 144, 142, 142, 144, 145, 145, 145, 145, 144, 142, 
  138, 134, 128, 121, 115, 113, 115, 119, 122, 124, 124, 121, 118, 115, 112, 108, 105, 103, 102, 101, 102, 106, 112, 115, 116, 115, 114, 111, 107, 102, 98, 97, 101, 109, 116, 121, 124, 126, 126, 126, 127, 130, 130, 129, 127, 126, 129, 134, 137, 136, 133, 131, 131, 131, 132, 135, 139, 140, 138, 136, 136, 137, 140, 143, 144, 143, 142, 141, 140, 139, 138, 138, 138, 138, 141, 145, 147, 145, 141, 139, 139, 138, 135, 133, 132, 130, 128, 125, 123, 122, 122, 123, 122, 119, 116, 115, 114, 112, 110, 111, 
  112, 112, 110, 109, 110, 111, 110, 109, 109, 110, 111, 111, 109, 106, 105, 108, 111, 112, 113, 115, 118, 121, 123, 125, 127, 127, 125, 124, 125, 127, 129, 129, 127, 124, 123, 127, 133, 137, 138, 137, 136, 135, 136, 137, 139, 140, 142, 142, 141, 141, 141, 142, 142, 142, 141, 139, 137, 136, 136, 135, 136, 138, 141, 142, 142, 141, 139, 135, 132, 131, 131, 131, 130, 128, 126, 123, 122, 122, 122, 120, 118, 116, 114, 114, 114, 114, 114, 114, 113, 111, 110, 111, 113, 113, 111, 110, 110, 110, 111, 111, 
  111, 110, 109, 110, 111, 112, 113, 115, 118, 120, 121, 123, 124, 124, 124, 125, 126, 126, 126, 127, 128, 128, 128, 129, 131, 134, 136, 137, 137, 136, 135, 136, 136, 136, 137, 140, 143, 143, 140, 138, 137, 137, 137, 138, 138, 137, 138, 139, 140, 142, 142, 141, 139, 138, 138, 137, 135, 134, 134, 133, 132, 131, 130, 127, 125, 124, 124, 123, 122, 121, 120, 118, 117, 117, 118, 118, 117, 116, 115, 113, 112, 112, 113, 113, 113, 113, 113, 113, 113, 114, 113, 110, 109, 110, 112, 113, 113, 115, 117, 118, 
  118, 120, 122, 123, 123, 124, 125, 125, 125, 125, 127, 128, 129, 129, 129, 129, 131, 133, 134, 133, 133, 134, 135, 137, 139, 142, 142, 140, 137, 136, 137, 137, 137, 137, 138, 138, 137, 136, 135, 134, 135, 136, 137, 136, 135, 135, 135, 135, 134, 134, 134, 134, 133, 132, 131, 129, 127, 127, 126, 124, 121, 120, 120, 120, 120, 120, 119, 117, 115, 114, 114, 114, 114, 116, 117, 116, 115, 114, 114, 113, 114, 114, 115, 115, 116, 116, 115, 115, 115, 115, 115, 116, 117, 117, 118, 120, 121, 121, 122, 124, 
  126, 127, 127, 128, 129, 129, 129, 130, 131, 131, 130, 130, 131, 131, 131, 132, 133, 133, 134, 136, 137, 137, 137, 137, 138, 138, 138, 139, 139, 138, 137, 137, 136, 134, 133, 134, 134, 135, 135, 133, 133, 132, 133, 133, 133, 133, 133, 131, 130, 130, 130, 129, 127, 126, 126, 126, 126, 126, 124, 121, 120, 121, 121, 119, 117, 116, 117, 117, 117, 118, 119, 118, 117, 116, 116, 116, 116, 117, 117, 117, 117, 118, 119, 119, 118, 118, 118, 118, 118, 118, 118, 117, 118, 120, 123, 124, 124, 123, 122, 123, 
  125, 126, 126, 127, 128, 128, 129, 131, 132, 132, 131, 130, 130, 130, 130, 131, 132, 132, 132, 133, 134, 134, 134, 135, 135, 134, 133, 134, 136, 136, 134, 133, 134, 135, 135, 134, 133, 131, 130, 131, 132, 132, 132, 132, 131, 131, 131, 132, 133, 132, 131, 131, 130, 129, 129, 128, 127, 127, 127, 126, 125, 123, 122, 121, 121, 122, 121, 119, 118, 119, 120, 119, 118, 118, 118, 118, 118, 118, 118, 118, 118, 118, 118, 118, 118, 119, 120, 119, 118, 118, 118, 118, 118, 119, 119, 119, 119, 121, 122, 122, 
  121, 122, 124, 125, 126, 127, 128, 127, 126, 127, 129, 131, 131, 130, 130, 130, 130, 131, 132, 133, 133, 133, 133, 133, 134, 135, 135, 133, 134, 134, 134, 134, 134, 134, 135, 136, 136, 135, 134, 134, 133, 132, 131, 131, 131, 131, 131, 132, 133, 132, 131, 130, 130, 129, 129, 130, 131, 130, 129, 128, 127, 127, 127, 128, 128, 127, 125, 125, 124, 122, 121, 121, 122, 121, 119, 118, 118, 119, 119, 119, 119, 118, 118, 118, 118, 117, 117, 118, 119, 119, 119, 120, 119, 120, 121, 121, 120, 120, 120, 120, 
  121, 122, 123, 123, 122, 122, 123, 123, 123, 124, 125, 125, 125, 126, 127, 127, 127, 128, 129, 129, 128, 128, 128, 128, 128, 129, 130, 130, 130, 131, 132, 132, 131, 131, 130, 131, 133, 133, 132, 132, 132, 131, 131, 132, 133, 133, 132, 132, 132, 131, 129, 128, 129, 129, 129, 129, 129, 129, 129, 129, 129, 129, 129, 129, 129, 129, 129, 129, 129, 128, 128, 128, 128, 128, 128, 128, 128, 127, 126, 126, 126, 125, 124, 125, 125, 123, 123, 122, 122, 122, 122, 121, 120, 120, 120, 120, 120, 120, 120, 119, 
  119, 119, 119, 119, 119, 120, 121, 121, 120, 120, 120, 120, 120, 121, 121, 121, 121, 122, 123, 123, 123, 124, 124, 124, 124, 125, 126, 125, 125, 126, 127, 127, 126, 127, 128, 128, 128, 128, 129, 130, 130, 131, 132, 132, 131, 131, 131, 131, 131, 131, 132, 132, 132, 133, 133, 133, 133, 134, 134, 134, 134, 134, 134, 133, 133, 133, 133, 132, 131, 131, 131, 130, 129, 130, 131, 130, 128, 127, 127, 127, 127, 128, 128, 127, 126, 125, 125, 125, 125, 125, 125, 125, 125, 126, 126, 125, 124, 125, 126, 125, 
  124, 123, 124, 124, 124, 124, 124, 124, 123, 123, 123, 123, 123, 123, 123, 123, 123, 123, 123, 122, 122, 122, 122, 121, 122, 124, 124, 123, 122, 123, 124, 123, 122, 123, 124, 123, 122, 123, 124, 124, 123, 123, 125, 126, 125, 125, 125, 125, 125, 125, 125, 125, 125, 126, 127, 127, 126, 126, 127, 127, 127, 127, 127, 127, 127, 128, 128, 128, 129, 129, 129, 129, 129, 129, 129, 130, 130, 130, 130, 131, 131, 130, 129, 130, 131, 131, 131, 131, 131, 131, 131, 131, 131, 131, 131, 132, 131, 130, 129, 130, 
  131, 130, 129, 129, 130, 129, 128, 128, 128, 128, 128, 128, 128, 128, 127, 127, 127, 127, 127, 127, 127, 127, 127, 127, 127, 126, 125, 126, 127, 126, 125, 125, 125, 125, 125, 125, 125, 125, 126, 125, 124, 124, 125, 124, 123, 122, 123, 123, 123, 123, 123, 123, 123, 123, 123, 123, 123, 123, 123, 123, 123, 123, 123, 123, 123, 124, 124, 124, 124, 124, 124, 124, 124, 125, 125, 125, 125, 126, 126, 125, 124, 125, 126, 126, 126, 126, 127, 127, 127, 127, 127, 127, 127, 127, 128, 128, 128, 128, 128, 128, 
  128, 129, 130, 129, 129, 129, 129, 129, 129, 129, 129, 130, 131, 130, 129, 129, 130, 130, 130, 130, 130, 130, 130, 130, 130, 130, 130, 131, 131, 130, 129, 129, 129, 129, 129, 129, 129, 128, 128, 128, 128, 127, 127, 127, 127, 127, 127, 128, 128, 127, 126, 126, 126, 126, 126, 126, 126, 126, 126, 126, 126, 126, 126, 126, 126, 126, 126, 126, 126, 125, 124, 124, 125, 125, 125, 126, 126, 125, 124, 125, 126, 126, 124, 123, 124, 124, 124, 124, 124, 124, 124, 124, 124, 124, 124, 124, 124, 124, 124, 124, 
  124, 124, 124, 124, 124, 123, 123, 124, 125, 124, 123, 124, 125, 124, 123, 124, 125, 125, 125, 125, 125, 125, 125, 126, 126, 125, 124, 125, 126, 125, 124, 125, 126, 126, 126, 126, 126, 126, 126, 127, 128, 127, 126, 127, 128, 128, 128, 128, 129, 129, 129, 129, 129, 129, 129, 129, 129, 129, 129, 130, 131, 130, 129, 130, 131, 131, 131, 131, 131, 131, 130, 130, 130, 130, 130, 130, 130, 129, 128, 129, 130, 130, 129, 129, 129, 128, 127, 128, 129, 128, 127, 127, 127, 127, 127, 127, 127, 126, 126, 126, 
  126, 126, 126, 127, 126, 124, 124, 125, 126, 125, 124, 125, 126, 125, 124, 125, 126, 125, 124, 124, 125, 125, 125, 125, 125, 125, 125, 125, 125, 125, 125, 125, 125, 125, 125, 125, 125, 125, 125, 125, 125, 125, 125, 125, 125, 125, 125, 125, 125, 125, 125, 125, 125, 125, 125, 125, 125, 125, 125, 125, 125, 125, 125, 125, 125, 125, 125, 125, 125, 125, 125, 126, 127, 126, 125, 125, 125, 125, 125, 126, 127, 127, 126, 126, 126, 126, 126, 126, 127, 127, 127, 127, 127, 127, 127, 127, 127, 127, 127, 127, 
  127, 127, 127, 128, 129, 129, 128, 128, 128, 128, 128, 130, 130, 129, 128, 129, 129, 129, 129, 129, 129, 129, 129, 129, 129, 130, 130, 129, 128, 129, 130, 129, 129, 129, 130, 129, 128, 128, 128, 128, 129, 129, 129, 128, 128, 127, 126, 127, 128, 127, 127, 127, 128, 128, 127, 125, 125, 126, 127, 126, 125, 126, 127, 126, 125, 125, 126, 125, 124, 125, 126, 125, 124, 124, 126, 126, 125, 124, 125, 125, 125, 125, 125, 125, 125, 125, 125, 125, 125, 125, 125, 125, 125, 125, 125, 125, 125, 126, 126, 125, 
  125, 126, 126, 125, 125, 126, 126, 125, 125, 126, 126, 125, 125, 126, 126, 125, 125, 126, 126, 125, 125, 126, 126, 125, 125, 126, 126, 125, 124, 125, 125, 125, 125, 124, 126, 127, 127, 126, 125, 126, 127, 126, 126, 126, 127, 127, 128, 127, 127, 127, 128, 127, 127, 126, 128, 129, 128, 128, 128, 128, 128, 128, 128, 128, 128, 129, 128, 126, 125, 125, 124, 122, 120, 120, 123, 127, 133, 139, 143, 143, 142, 144, 147, 147, 137, 119, 102, 97, 109, 131, 147, 149, 141, 132, 125, 119, 114, 112, 114, 121, 
  132, 142, 147, 144, 136, 127, 121, 119, 120, 122, 121, 118, 118, 123, 133, 142, 146, 144, 137, 127, 118, 115, 116, 122, 129, 135, 138, 139, 134, 122, 108, 99, 100, 111, 127, 143, 152, 150, 138, 123, 111, 104, 105, 114, 126, 136, 140, 138, 132, 124, 115, 109, 107, 111, 121, 131, 135, 133, 128, 123, 118, 114, 115, 120, 127, 131, 133, 133, 130, 125, 120, 119, 120, 122, 123, 123, 119, 112, 104, 101, 105, 114, 125, 135, 139, 134, 124, 115, 111, 113, 120, 131, 141, 147, 146, 140, 132, 124, 121, 123, 
  129, 135, 139, 141, 139, 132, 121, 110, 104, 105, 114, 128, 141, 146, 143, 134, 122, 112, 109, 114, 125, 136, 144, 149, 150, 146, 140, 135, 133, 134, 137, 141, 143, 141, 136, 129, 124, 121, 123, 123, 120, 115, 113, 115, 121, 129, 134, 135, 134, 132, 129, 128, 126, 126, 127, 127, 128, 127, 125, 123, 122, 124, 126, 128, 130, 131, 133, 133, 131, 127, 124, 125, 128, 132, 134, 136, 136, 135, 132, 129, 125, 120, 119, 119, 122, 123, 122, 117, 112, 107, 106, 105, 106, 108, 110, 109, 106, 104, 104, 105, 
  106, 109, 111, 112, 113, 114, 116, 117, 117, 118, 120, 122, 125, 129, 133, 135, 134, 133, 131, 129, 129, 131, 133, 135, 136, 136, 135, 133, 132, 130, 129, 130, 131, 131, 129, 127, 127, 127, 127, 127, 128, 128, 129, 130, 131, 131, 131, 132, 134, 135, 133, 130, 126, 125, 129, 136, 143, 146, 145, 143, 140, 138, 139, 142, 145, 148, 152, 158, 161, 157, 149, 142, 139, 141, 146, 152, 155, 152, 146, 140, 135, 132, 132, 133, 135, 136, 136, 136, 134, 129, 123, 117, 114, 115, 118, 121, 121, 114, 100, 85, 
  81, 91, 104, 108, 101, 90, 82, 78, 77, 80, 87, 95, 99, 99, 99, 101, 105, 107, 107, 106, 108, 114, 122, 130, 137, 140, 137, 132, 131, 136, 142, 146, 148, 149, 147, 144, 141, 141, 143, 142, 139, 135, 132, 128, 124, 121, 119, 116, 113, 111, 110, 110, 109, 108, 106, 104, 103, 106, 111, 116, 119, 121, 122, 122, 123, 126, 130, 135, 141, 148, 153, 156, 157, 158, 158, 157, 157, 160, 164, 167, 169, 168, 165, 160, 156, 152, 150, 150, 151, 152, 151, 149, 144, 138, 134, 132, 132, 132, 132, 133, 
  134, 133, 132, 130, 125, 120, 118, 122, 129, 132, 131, 127, 121, 116, 111, 105, 95, 82, 76, 84, 102, 115, 113, 99, 81, 69, 65, 70, 81, 93, 100, 100, 97, 96, 99, 102, 102, 101, 105, 115, 127, 137, 143, 144, 138, 128, 122, 127, 138, 147, 151, 150, 147, 141, 136, 133, 132, 130, 126, 124, 122, 120, 116, 112, 107, 102, 98, 95, 97, 100, 105, 107, 108, 108, 109, 111, 115, 121, 128, 133, 137, 141, 145, 148, 151, 155, 158, 160, 162, 166, 170, 171, 170, 168, 165, 162, 159, 159, 159, 158, 
  156, 155, 153, 150, 146, 141, 139, 137, 135, 135, 136, 139, 141, 139, 136, 134, 135, 137, 139, 141, 141, 138, 137, 140, 145, 146, 143, 138, 131, 124, 118, 114, 107, 92, 75, 69, 80, 97, 102, 90, 70, 53, 46, 47, 57, 73, 88, 95, 96, 100, 112, 122, 121, 112, 109, 121, 140, 157, 170, 177, 174, 159, 142, 136, 143, 153, 157, 153, 145, 139, 136, 134, 128, 118, 105, 94, 87, 84, 87, 91, 95, 93, 88, 84, 84, 89, 97, 104, 112, 120, 128, 137, 146, 154, 157, 157, 157, 159, 163, 169, 
  174, 177, 177, 174, 169, 164, 162, 160, 156, 149, 143, 141, 141, 140, 138, 136, 132, 127, 123, 124, 128, 131, 132, 133, 134, 136, 139, 144, 149, 151, 152, 155, 160, 164, 165, 163, 159, 153, 149, 150, 154, 157, 153, 143, 129, 116, 105, 90, 65, 34, 15, 24, 54, 81, 85, 67, 44, 32, 32, 37, 47, 65, 87, 104, 119, 138, 158, 167, 158, 143, 138, 149, 168, 184, 193, 195, 189, 173, 154, 140, 133, 128, 117, 103, 95, 96, 101, 101, 94, 82, 68, 55, 49, 52, 64, 79, 92, 103, 112, 121, 
  130, 136, 138, 139, 144, 155, 169, 183, 194, 198, 192, 180, 168, 160, 154, 147, 142, 142, 143, 145, 144, 142, 134, 123, 110, 102, 102, 110, 119, 126, 132, 137, 141, 143, 144, 146, 148, 149, 152, 159, 168, 176, 182, 183, 179, 171, 165, 163, 164, 164, 163, 160, 154, 145, 137, 131, 126, 120, 113, 107, 99, 91, 87, 88, 83, 61, 32, 21, 40, 71, 88, 83, 72, 72, 81, 89, 92, 98, 110, 125, 139, 157, 182, 202, 200, 175, 149, 141, 148, 153, 147, 137, 130, 125, 117, 106, 95, 86, 76, 62, 
  49, 48, 63, 83, 96, 98, 100, 104, 111, 116, 123, 130, 137, 145, 153, 166, 179, 185, 179, 166, 155, 149, 145, 141, 139, 137, 134, 129, 125, 124, 121, 113, 102, 97, 99, 107, 119, 131, 140, 145, 147, 149, 151, 152, 152, 153, 155, 160, 168, 177, 180, 175, 167, 160, 156, 152, 150, 148, 147, 146, 144, 142, 141, 141, 138, 132, 127, 127, 131, 136, 140, 143, 142, 138, 137, 141, 146, 145, 138, 129, 120, 112, 105, 95, 73, 37, 8, 10, 44, 82, 97, 89, 80, 81, 86, 85, 82, 88, 102, 119, 
  137, 161, 185, 195, 181, 157, 141, 138, 135, 125, 117, 116, 120, 121, 117, 110, 103, 94, 80, 66, 61, 68, 82, 98, 112, 125, 135, 141, 142, 139, 135, 132, 132, 135, 141, 150, 159, 164, 161, 151, 139, 130, 123, 117, 113, 112, 114, 118, 125, 131, 131, 126, 121, 121, 124, 126, 128, 135, 145, 155, 160, 160, 159, 159, 158, 153, 148, 147, 150, 154, 156, 157, 156, 154, 151, 147, 143, 140, 138, 138, 139, 140, 143, 147, 151, 152, 152, 151, 149, 145, 142, 143, 146, 148, 149, 149, 146, 140, 130, 117, 
  102, 89, 79, 66, 45, 22, 16, 37, 73, 97, 99, 90, 88, 95, 103, 106, 108, 117, 130, 143, 156, 174, 196, 207, 193, 160, 129, 114, 111, 106, 96, 88, 85, 86, 87, 89, 91, 89, 81, 70, 67, 79, 102, 127, 144, 155, 164, 175, 184, 186, 178, 164, 147, 134, 128, 129, 130, 126, 117, 106, 96, 90, 88, 88, 87, 84, 85, 97, 117, 137, 151, 158, 161, 163, 166, 168, 167, 164, 159, 154, 150, 148, 148, 149, 147, 139, 129, 123, 123, 125, 127, 127, 127, 130, 137, 146, 152, 154, 154, 152, 
  149, 148, 152, 158, 161, 161, 161, 165, 170, 171, 169, 165, 157, 145, 134, 128, 127, 126, 121, 113, 103, 95, 91, 86, 72, 43, 12, 0, 19, 54, 81, 90, 93, 108, 134, 154, 158, 152, 147, 147, 147, 151, 165, 187, 197, 182, 151, 124, 111, 102, 83, 56, 35, 29, 38, 53, 71, 89, 105, 112, 112, 114, 127, 147, 161, 165, 167, 179, 197, 210, 211, 199, 179, 153, 127, 106, 91, 80, 68, 56, 46, 47, 59, 73, 84, 91, 97, 107, 123, 145, 166, 180, 186, 190, 194, 199, 200, 192, 175, 154, 
  134, 118, 108, 105, 103, 100, 98, 101, 109, 120, 129, 134, 135, 135, 140, 151, 163, 170, 172, 173, 174, 174, 174, 174, 171, 163, 153, 146, 147, 152, 156, 156, 152, 146, 140, 134, 128, 121, 114, 109, 107, 109, 111, 112, 112, 104, 81, 44, 10, 7, 36, 70, 88, 98, 122, 159, 188, 191, 174, 156, 142, 129, 121, 129, 153, 171, 162, 134, 114, 113, 114, 95, 58, 25, 12, 19, 39, 66, 98, 126, 144, 151, 158, 170, 182, 182, 168, 152, 150, 163, 178, 182, 174, 157, 134, 111, 90, 74, 60, 47, 
  34, 28, 36, 58, 86, 113, 133, 148, 159, 171, 183, 192, 192, 183, 173, 169, 171, 172, 167, 155, 137, 117, 100, 88, 80, 75, 73, 78, 91, 112, 137, 161, 175, 177, 172, 169, 170, 170, 167, 163, 160, 160, 163, 168, 172, 169, 160, 146, 135, 130, 129, 129, 131, 135, 138, 140, 142, 145, 147, 144, 139, 134, 129, 123, 115, 104, 83, 51, 18, 5, 19, 48, 74, 92, 114, 146, 176, 188, 181, 166, 152, 139, 126, 123, 138, 157, 159, 139, 115, 105, 104, 93, 67, 37, 19, 18, 32, 56, 89, 124, 
  150, 163, 171, 183, 195, 197, 185, 165, 150, 147, 153, 159, 156, 144, 125, 105, 86, 71, 60, 51, 41, 33, 37, 57, 89, 123, 151, 172, 186, 194, 199, 201, 195, 179, 158, 142, 135, 136, 138, 136, 127, 114, 101, 93, 88, 86, 86, 91, 101, 118, 140, 164, 183, 190, 187, 179, 172, 166, 160, 154, 149, 146, 147, 153, 159, 162, 160, 153, 144, 136, 132, 132, 130, 126, 122, 124, 131, 140, 146, 147, 141, 132, 123, 111, 88, 53, 21, 11, 24, 47, 70, 96, 131, 166, 188, 191, 184, 174, 160, 138, 
  118, 115, 130, 146, 144, 128, 115, 111, 103, 82, 55, 37, 31, 33, 44, 66, 101, 136, 162, 176, 187, 198, 203, 194, 176, 158, 145, 139, 136, 135, 132, 125, 113, 98, 85, 74, 65, 55, 48, 48, 57, 75, 102, 135, 166, 188, 200, 206, 207, 200, 185, 165, 145, 130, 121, 119, 119, 119, 117, 114, 110, 105, 101, 101, 104, 109, 118, 132, 149, 166, 179, 185, 183, 177, 169, 162, 155, 149, 146, 144, 145, 149, 155, 158, 159, 155, 150, 141, 133, 126, 123, 119, 115, 113, 117, 124, 130, 134, 136, 129, 
  101, 56, 21, 19, 44, 67, 76, 85, 113, 154, 187, 196, 188, 174, 157, 137, 117, 109, 115, 124, 123, 113, 107, 111, 114, 105, 85, 65, 54, 51, 56, 71, 97, 127, 151, 166, 177, 189, 197, 193, 174, 149, 130, 123, 122, 121, 119, 115, 108, 101, 97, 95, 93, 86, 76, 67, 67, 81, 106, 134, 157, 174, 185, 192, 195, 190, 175, 153, 130, 113, 106, 106, 111, 116, 119, 120, 121, 123, 125, 125, 124, 123, 123, 128, 140, 154, 166, 172, 172, 168, 163, 159, 155, 148, 140, 136, 139, 146, 154, 160, 
  161, 157, 151, 145, 140, 133, 123, 112, 104, 102, 105, 111, 115, 112, 96, 68, 42, 35, 53, 81, 100, 106, 115, 137, 164, 180, 181, 171, 155, 136, 120, 114, 118, 120, 112, 98, 90, 93, 101, 103, 96, 84, 76, 75, 84, 101, 124, 144, 156, 161, 168, 178, 183, 177, 160, 139, 121, 108, 103, 104, 105, 103, 98, 95, 97, 101, 104, 103, 98, 93, 94, 103, 120, 139, 157, 168, 173, 175, 176, 175, 167, 150, 130, 115, 107, 106, 110, 116, 120, 122, 125, 129, 134, 136, 136, 136, 136, 139, 145, 155, 
  163, 166, 164, 160, 157, 155, 152, 148, 142, 138, 138, 144, 151, 155, 155, 152, 147, 141, 134, 128, 120, 111, 103, 101, 105, 108, 100, 79, 55, 44, 57, 84, 107, 118, 125, 138, 155, 167, 169, 164, 152, 134, 115, 104, 106, 113, 114, 106, 97, 93, 94, 96, 94, 90, 87, 86, 89, 101, 122, 146, 161, 165, 165, 167, 169, 166, 156, 140, 122, 108, 101, 102, 105, 106, 103, 99, 98, 100, 105, 109, 108, 103, 101, 105, 116, 130, 145, 158, 165, 166, 165, 164, 160, 150, 137, 125, 117, 114, 115, 120, 
  126, 130, 131, 130, 130, 130, 131, 132, 133, 135, 140, 149, 159, 165, 166, 163, 158, 153, 148, 144, 142, 141, 141, 144, 148, 151, 152, 150, 145, 138, 129, 121, 114, 108, 103, 100, 100, 101, 98, 86, 72, 71, 89, 113, 131, 141, 150, 160, 167, 165, 154, 139, 123, 107, 97, 97, 105, 111, 107, 98, 94, 96, 100, 100, 96, 93, 93, 98, 110, 129, 147, 159, 162, 161, 159, 156, 152, 144, 131, 115, 104, 99, 100, 106, 111, 112, 111, 111, 112, 114, 115, 113, 109, 105, 105, 112, 124, 137, 147, 154, 
  157, 157, 156, 153, 145, 134, 123, 118, 119, 124, 130, 134, 137, 138, 137, 135, 133, 130, 129, 130, 134, 139, 146, 154, 159, 160, 157, 153, 150, 148, 146, 146, 146, 147, 150, 151, 152, 152, 150, 142, 129, 117, 109, 102, 97, 96, 97, 93, 79, 60, 55, 73, 104, 130, 141, 146, 156, 168, 173, 166, 154, 139, 121, 102, 92, 94, 101, 102, 96, 91, 92, 95, 97, 99, 100, 101, 103, 110, 123, 140, 154, 161, 161, 157, 153, 150, 144, 132, 118, 106, 97, 96, 100, 105, 109, 110, 111, 113, 117, 121, 
  119, 113, 109, 110, 119, 130, 142, 150, 155, 154, 152, 148, 145, 138, 128, 119, 115, 116, 122, 131, 138, 142, 142, 141, 139, 137, 138, 138, 140, 142, 145, 151, 155, 158, 157, 153, 146, 141, 137, 138, 140, 144, 147, 148, 148, 150, 149, 146, 137, 128, 119, 111, 105, 103, 103, 98, 85, 68, 59, 68, 92, 119, 138, 147, 153, 160, 165, 162, 151, 135, 118, 103, 98, 103, 110, 111, 105, 99, 97, 97, 98, 98, 99, 99, 100, 105, 118, 136, 154, 163, 162, 155, 148, 143, 138, 129, 118, 107, 99, 97, 
  103, 112, 118, 117, 114, 113, 113, 110, 106, 104, 107, 114, 125, 137, 149, 156, 158, 155, 149, 142, 136, 129, 123, 118, 119, 123, 130, 137, 141, 141, 138, 135, 133, 132, 132, 135, 139, 143, 147, 152, 155, 156, 153, 148, 143, 138, 137, 139, 143, 146, 147, 148, 147, 143, 137, 129, 119, 109, 103, 101, 103, 105, 102, 91, 76, 67, 75, 100, 127, 144, 150, 153, 157, 158, 153, 143, 128, 111, 98, 96, 105, 114, 115, 108, 99, 95, 96, 100, 103, 105, 106, 109, 117, 131, 148, 162, 165, 159, 149, 141, 
  135, 129, 121, 113, 105, 100, 101, 108, 115, 118, 115, 110, 103, 98, 99, 107, 117, 126, 135, 145, 155, 163, 165, 161, 151, 137, 126, 120, 119, 119, 120, 123, 126, 129, 132, 136, 139, 139, 136, 134, 136, 140, 146, 151, 154, 153, 149, 146, 144, 142, 140, 137, 135, 135, 138, 143, 148, 149, 147, 141, 132, 123, 116, 112, 109, 108, 109, 106, 94, 78, 72, 86, 111, 131, 141, 145, 149, 153, 153, 149, 140, 127, 113, 103, 102, 108, 115, 117, 112, 104, 99, 98, 99, 99, 99, 102, 107, 116, 130, 146, 
  159, 162, 157, 149, 142, 136, 130, 123, 115, 108, 106, 108, 115, 120, 119, 111, 99, 88, 86, 93, 108, 123, 135, 146, 155, 163, 167, 165, 157, 144, 131, 122, 120, 121, 125, 127, 128, 130, 132, 133, 134, 135, 135, 134, 135, 139, 146, 151, 154, 153, 149, 143, 138, 136, 135, 133, 132, 134, 138, 143, 147, 150, 149, 142, 133, 126, 122, 119, 117, 116, 114, 108, 95, 80, 71, 75, 92, 114, 132, 142, 148, 153, 155, 152, 143, 131, 118, 110, 110, 118, 126, 126, 119, 110, 103, 99, 96, 94, 92, 91, 
  95, 108, 126, 143, 153, 157, 155, 149, 143, 138, 134, 129, 122, 116, 113, 114, 119, 122, 119, 108, 93, 83, 83, 92, 106, 122, 136, 148, 157, 164, 167, 163, 153, 139, 126, 119, 120, 126, 130, 131, 130, 129, 128, 126, 126, 127, 128, 128, 130, 137, 147, 155, 158, 157, 152, 144, 136, 133, 132, 131, 131, 133, 138, 142, 144, 145, 145, 141, 135, 129, 125, 122, 120, 120, 120, 115, 101, 82, 69, 72, 91, 112, 127, 136, 142, 145, 146, 145, 141, 132, 121, 113, 114, 121, 128, 130, 126, 117, 108, 101, 
  96, 94, 93, 94, 97, 105, 118, 135, 148, 154, 152, 147, 141, 136, 134, 133, 130, 126, 122, 122, 124, 125, 122, 112, 97, 82, 77, 84, 100, 117, 131, 143, 152, 160, 165, 164, 157, 146, 135, 128, 128, 133, 137, 136, 131, 126, 122, 120, 120, 121, 123, 125, 128, 135, 144, 152, 156, 155, 149, 141, 135, 133, 133, 134, 134, 135, 136, 137, 138, 138, 135, 131, 128, 128, 129, 129, 130, 131, 130, 128, 125, 119, 105, 85, 71, 74, 93, 115, 130, 137, 139, 140, 139, 136, 130, 122, 115, 114, 119, 129, 
  137, 139, 132, 121, 111, 104, 99, 93, 90, 92, 99, 110, 123, 136, 145, 147, 143, 138, 133, 130, 130, 131, 132, 131, 131, 134, 136, 132, 121, 106, 92, 83, 84, 94, 108, 122, 133, 142, 148, 151, 153, 149, 142, 135, 132, 133, 137, 142, 144, 141, 135, 128, 123, 119, 118, 119, 121, 124, 129, 136, 143, 146, 146, 144, 140, 136, 133, 134, 135, 136, 136, 137, 138, 137, 134, 132, 130, 127, 126, 127, 130, 132, 133, 134, 133, 130, 127, 124, 121, 113, 100, 88, 85, 94, 110, 123, 126, 123, 123, 128, 
  132, 130, 123, 118, 119, 124, 130, 136, 138, 135, 127, 119, 112, 107, 104, 102, 102, 104, 109, 117, 124, 128, 130, 130, 128, 125, 125, 128, 131, 133, 134, 136, 139, 139, 135, 127, 115, 104, 98, 100, 107, 115, 122, 128, 132, 135, 137, 138, 137, 134, 132, 132, 136, 142, 147, 150, 147, 140, 134, 130, 128, 125, 123, 123, 125, 128, 132, 136, 138, 136, 133, 131, 131, 132, 134, 136, 137, 137, 137, 137, 136, 134, 131, 128, 126, 126, 128, 132, 134, 134, 134, 135, 135, 133, 132, 129, 125, 122, 120, 115, 
  109, 103, 101, 102, 107, 113, 117, 119, 120, 122, 124, 125, 126, 126, 125, 125, 127, 132, 135, 134, 130, 126, 122, 119, 117, 115, 112, 109, 108, 111, 115, 118, 120, 121, 120, 119, 120, 123, 127, 128, 128, 128, 129, 130, 130, 130, 129, 126, 125, 126, 128, 128, 127, 127, 127, 127, 127, 128, 130, 130, 130, 131, 132, 133, 133, 134, 134, 134, 134, 135, 135, 137, 137, 138, 137, 135, 134, 134, 133, 131, 129, 129, 130, 130, 129, 129, 128, 126, 125, 126, 128, 129, 129, 130, 132, 132, 132, 132, 133, 133, 
  132, 131, 130, 128, 126, 125, 124, 122, 118, 114, 111, 109, 110, 113, 114, 115, 116, 117, 119, 122, 124, 123, 122, 122, 123, 124, 126, 128, 129, 128, 126, 125, 125, 124, 122, 121, 120, 119, 119, 120, 122, 123, 123, 123, 123, 122, 122, 121, 121, 121, 121, 123, 126, 128, 129, 130, 131, 131, 132, 131, 131, 129, 128, 129, 130, 130, 130, 130, 130, 129, 127, 126, 126, 125, 126, 128, 129, 129, 129, 131, 132, 132, 131, 132, 132, 131, 130, 130, 131, 130, 129, 129, 129, 128, 127, 127, 127, 127, 127, 127, 
  127, 127, 127, 127, 128, 128, 128, 128, 128, 128, 127, 127, 127, 127, 127, 127, 127, 127, 127, 127, 126, 124, 123, 123, 123, 123, 123, 123, 123, 123, 123, 123, 123, 122, 121, 121, 121, 120, 120, 121, 122, 122, 123, 124, 125, 125, 124, 124, 124, 123, 122, 123, 124, 124, 123, 124, 125, 125, 124, 124, 124, 125, 126, 126, 126, 127, 128, 128, 128, 129, 130, 129, 128, 128, 129, 129, 129, 129, 129, 129, 129, 130, 130, 129, 128, 128, 129, 129, 129, 130, 131, 131, 131, 132, 133, 132, 131, 131, 131, 131, 
  131, 131, 130, 129, 129, 129, 129, 128, 128, 128, 128, 128, 128, 128, 128, 127, 126, 127, 128, 127, 126, 126, 126, 126, 125, 125, 125, 125, 124, 124, 124, 124, 123, 123, 123, 122, 121, 121, 121, 121, 121, 121, 121, 121, 121, 121, 121, 120, 120, 121, 122, 122, 122, 123, 124, 124, 124, 124, 124, 124, 124, 125, 126, 125, 124, 125, 126, 126, 125, 126, 127, 127, 126, 127, 127, 129, 130, 129, 128, 128, 129, 129, 129, 129, 129, 128, 127, 128, 129, 128, 127, 127, 126, 127, 128, 127, 127, 128, 129, 129, 
  128, 129, 130, 130, 129, 129, 129, 129, 129, 129, 129, 128, 127, 128, 129, 129, 128, 128, 128, 128, 128, 128, 128, 128, 128, 128, 128, 128, 128, 129, 128, 126, 126, 127, 128, 127, 126, 127, 128, 127, 126, 127, 128, 128, 126, 125, 126, 126, 126, 126, 126, 126, 126, 126, 126, 125, 125, 125, 124, 124, 123, 124, 124, 124, 123, 123, 122, 123, 124, 123, 122, 122, 122, 122, 122, 122, 122, 122, 122, 123, 124, 123, 123, 124, 124, 125, 125, 126, 125, 126, 127, 127, 127, 127, 128, 128, 128, 128, 128, 128, 
  128, 129, 129, 129, 129, 130, 131, 130, 129, 130, 131, 130, 129, 129, 129, 129, 129, 130, 130, 129, 128, 128, 128, 128, 128, 128, 128, 128, 128, 128, 128, 127, 127, 128, 129, 128, 127, 127, 127, 127, 127, 127, 127, 127, 127, 127, 127, 126, 125, 125, 125, 125, 125, 125, 125, 125, 124, 124, 124, 124, 124, 124, 123, 122, 121, 122, 123, 123, 123, 123, 123, 123, 123, 123, 124, 124, 124, 124, 124, 124, 124, 125, 126, 126, 126, 126, 126, 126, 127, 128, 129, 128, 127, 127, 128, 128, 128, 128, 128, 128, 
  128, 129, 130, 129, 128, 128, 129, 129, 129, 130, 130, 130, 130, 131, 132, 132, 131, 131, 131, 130, 129, 130, 131, 130, 129, 129, 130, 129, 128, 127, 128, 128, 128, 128, 128, 128, 129, 130, 129, 128, 127, 128, 129, 128, 127, 127, 127, 126, 125, 125, 124, 125, 126, 125, 124, 124, 124, 123, 122, 123, 124, 124, 124, 124, 124, 123, 123, 123, 124, 123, 122, 122, 122, 122, 122, 122, 122, 122, 122, 122, 122, 122, 122, 123, 124, 123, 123, 124, 125, 125, 126, 127, 128, 127, 128, 128, 128, 127, 127, 127, 
  128, 127, 126, 126, 126, 125, 125, 125, 126, 126, 126, 125, 126, 126, 127, 127, 129, 129, 129, 129, 130, 130, 131, 130, 130, 130, 130, 131, 131, 130, 129, 129, 130, 130, 131, 130, 130, 130, 131, 130, 130, 129, 130, 129, 128, 128, 128, 128, 127, 127, 128, 127, 126, 126, 127, 127, 125, 124, 125, 126, 126, 126, 126, 126, 126, 126, 126, 126, 126, 127, 126, 125, 124, 125, 126, 126, 125, 125, 124, 123, 122, 123, 123, 122, 121, 121, 121, 121, 121, 121, 121, 119, 119, 120, 120, 120, 121, 122, 122, 122, 
  122, 122, 123, 125, 125, 124, 123, 124, 125, 125, 125, 125, 125, 125, 125, 126, 127, 126, 126, 127, 128, 128, 129, 130, 130, 130, 130, 130, 131, 132, 132, 131, 130, 131, 132, 132, 131, 131, 131, 130, 129, 130, 131, 131, 131, 131, 131, 131, 131, 132, 132, 131, 130, 131, 132, 131, 130, 130, 130, 130, 130, 131, 131, 130, 129, 129, 129, 129, 128, 128, 127, 126, 125, 125, 125, 124, 123, 122, 122, 121, 121, 121, 121, 120, 119, 119, 120, 120, 120, 121, 121, 120, 119, 120, 121, 121, 121, 121, 122, 122, 
  122, 123, 124, 125, 125, 125, 125, 124, 125, 127, 128, 128, 127, 128, 129, 129, 128, 128, 128, 128, 128, 128, 128, 128, 128, 128, 128, 128, 128, 128, 128, 127, 126, 127, 128, 128, 128, 128, 129, 129, 129, 130, 130, 130, 130, 130, 130, 130, 130, 131, 132, 131, 131, 132, 133, 132, 131, 131, 131, 131, 131, 131, 131, 130, 129, 129, 129, 128, 127, 127, 127, 127, 127, 127, 128, 128, 128, 128, 128, 128, 128, 128, 128, 127, 127, 127, 127, 126, 126, 126, 126, 125, 124, 124, 123, 122, 121, 121, 121, 121, 
  121, 121, 121, 120, 119, 119, 119, 118, 118, 119, 120, 119, 118, 119, 120, 120, 120, 121, 121, 122, 122, 122, 122, 123, 124, 123, 123, 124, 125, 125, 124, 124, 124, 124, 124, 125, 126, 125, 125, 126, 127, 127, 127, 128, 129, 129, 129, 129, 130, 130, 130, 130, 131, 131, 131, 132, 133, 133, 133, 133, 133, 133, 133, 133, 133, 133, 133, 133, 133, 133, 133, 133, 133, 132, 131, 131, 131, 130, 130, 131, 132, 131, 130, 130, 130, 129, 129, 129, 129, 127, 125, 124, 124, 124, 124, 125, 124, 121, 119, 119, 
  119, 118, 117, 117, 116, 117, 116, 117, 118, 118, 118, 116, 115, 116, 117, 117, 117, 118, 120, 120, 120, 121, 123, 124, 123, 123, 123, 123, 124, 125, 126, 126, 126, 127, 128, 127, 126, 126, 126, 126, 126, 127, 127, 127, 127, 128, 128, 128, 128, 129, 130, 129, 128, 129, 131, 131, 131, 132, 133, 133, 133, 134, 135, 134, 133, 133, 135, 136, 135, 135, 135, 135, 135, 135, 135, 135, 135, 135, 135, 134, 134, 134, 134, 133, 132, 132, 132, 131, 130, 130, 130, 128, 126, 125, 124, 123, 122, 123, 123, 122, 
  120, 120, 120, 119, 118, 118, 118, 118, 117, 117, 117, 117, 117, 117, 117, 117, 117, 118, 118, 118, 118, 119, 120, 120, 120, 121, 122, 122, 122, 123, 124, 124, 124, 124, 125, 125, 125, 126, 126, 126, 125, 125, 125, 125, 125, 126, 127, 127, 127, 128, 129, 129, 129, 129, 129, 129, 129, 130, 132, 133, 133, 134, 134, 134, 134, 135, 136, 135, 134, 134, 136, 137, 136, 136, 136, 136, 136, 136, 136, 136, 136, 136, 135, 135, 135, 136, 135, 133, 132, 133, 133, 131, 129, 128, 126, 124, 122, 122, 123, 122, 
  122, 121, 121, 120, 119, 118, 118, 116, 115, 113, 112, 113, 114, 116, 117, 117, 118, 117, 117, 116, 115, 115, 116, 117, 118, 120, 121, 121, 121, 122, 122, 122, 122, 123, 124, 123, 122, 123, 124, 124, 124, 124, 125, 125, 125, 125, 125, 125, 125, 126, 127, 127, 127, 128, 129, 129, 129, 130, 131, 131, 131, 131, 132, 132, 133, 134, 135, 135, 135, 136, 137, 137, 137, 137, 138, 138, 138, 138, 138, 138, 138, 138, 138, 137, 136, 136, 136, 135, 134, 134, 134, 133, 132, 130, 127, 125, 123, 121, 121, 122, 
  122, 121, 119, 118, 118, 116, 114, 113, 112, 112, 112, 113, 114, 114, 114, 114, 115, 115, 115, 115, 115, 114, 114, 115, 116, 117, 119, 120, 120, 121, 122, 122, 121, 121, 121, 121, 122, 123, 124, 124, 124, 124, 125, 125, 125, 125, 125, 125, 125, 126, 127, 127, 128, 129, 129, 129, 129, 130, 131, 131, 131, 132, 133, 134, 134, 135, 136, 136, 137, 138, 139, 139, 138, 138, 139, 139, 139, 139, 140, 140, 140, 140, 140, 139, 138, 137, 137, 136, 135, 135, 134, 132, 130, 128, 127, 125, 123, 123, 123, 123, 
  122, 121, 119, 117, 115, 115, 113, 112, 112, 112, 112, 113, 114, 114, 114, 114, 114, 114, 114, 114, 114, 113, 114, 116, 118, 119, 119, 121, 122, 122, 122, 122, 122, 121, 121, 122, 123, 123, 123, 124, 125, 125, 125, 126, 126, 125, 124, 125, 126, 127, 127, 128, 129, 129, 130, 131, 132, 132, 132, 134, 135, 135, 135, 136, 138, 139, 139, 140, 141, 141, 141, 141, 141, 141, 141, 142, 142, 142, 142, 142, 142, 141, 140, 140, 140, 138, 137, 137, 136, 134, 131, 130, 128, 125, 123, 123, 123, 122, 120, 119, 
  118, 116, 113, 112, 112, 112, 111, 111, 111, 111, 112, 111, 110, 111, 113, 113, 112, 111, 111, 111, 111, 113, 116, 117, 118, 119, 120, 120, 120, 120, 121, 121, 121, 121, 122, 122, 122, 123, 124, 125, 125, 125, 125, 125, 125, 126, 127, 127, 127, 129, 130, 130, 130, 131, 133, 134, 134, 135, 135, 135, 135, 136, 138, 139, 139, 140, 141, 141, 141, 142, 143, 143, 143, 144, 145, 144, 143, 143, 143, 142, 141, 140, 140, 139, 138, 137, 136, 134, 131, 128, 126, 124, 123, 123, 123, 122, 120, 118, 116, 113, 
  110, 109, 109, 109, 109, 110, 110, 109, 109, 110, 112, 112, 111, 110, 109, 109, 109, 110, 112, 114, 115, 117, 118, 119, 119, 120, 120, 120, 120, 121, 121, 120, 120, 121, 123, 123, 124, 125, 125, 125, 125, 125, 125, 126, 127, 127, 127, 128, 129, 130, 132, 134, 135, 135, 135, 136, 137, 137, 137, 139, 141, 142, 142, 143, 144, 144, 144, 145, 146, 146, 145, 145, 145, 145, 145, 145, 145, 143, 141, 140, 140, 139, 137, 135, 132, 128, 125, 124, 124, 123, 122, 121, 119, 117, 114, 112, 110, 108, 108, 109, 
  109, 108, 108, 107, 107, 107, 110, 111, 110, 109, 108, 108, 109, 110, 111, 112, 114, 117, 118, 118, 118, 119, 120, 120, 120, 120, 120, 119, 119, 121, 123, 124, 124, 125, 126, 126, 125, 126, 127, 127, 127, 128, 128, 128, 128, 131, 134, 136, 137, 138, 138, 137, 138, 138, 140, 141, 141, 142, 143, 145, 146, 146, 146, 147, 149, 149, 148, 147, 147, 146, 147, 146, 146, 144, 143, 141, 141, 139, 137, 133, 130, 127, 126, 125, 125, 123, 121, 118, 117, 115, 112, 110, 108, 106, 107, 107, 107, 106, 105, 106, 
  106, 108, 108, 108, 108, 107, 106, 107, 108, 109, 110, 113, 115, 116, 116, 117, 118, 118, 119, 120, 121, 120, 119, 119, 120, 120, 121, 123, 124, 124, 124, 125, 127, 127, 127, 127, 127, 127, 127, 128, 130, 132, 134, 137, 138, 138, 138, 140, 141, 141, 141, 142, 144, 145, 145, 146, 148, 149, 150, 151, 151, 151, 150, 150, 149, 148, 147, 147, 146, 144, 142, 141, 140, 137, 133, 131, 129, 127, 124, 122, 120, 117, 115, 114, 112, 109, 107, 106, 106, 106, 105, 104, 104, 104, 105, 107, 107, 106, 105, 106, 
  107, 106, 106, 108, 110, 111, 112, 113, 115, 116, 117, 119, 120, 120, 119, 119, 119, 119, 119, 119, 120, 121, 122, 124, 126, 126, 126, 127, 128, 128, 127, 127, 127, 127, 129, 132, 135, 136, 137, 139, 142, 143, 142, 142, 142, 143, 144, 146, 148, 149, 150, 152, 154, 154, 154, 154, 154, 153, 151, 149, 147, 145, 144, 144, 143, 140, 136, 134, 132, 130, 127, 125, 123, 120, 117, 115, 113, 109, 106, 105, 105, 105, 105, 105, 104, 103, 103, 104, 105, 105, 105, 105, 106, 106, 106, 107, 108, 109, 111, 114, 
  115, 115, 115, 117, 119, 119, 118, 118, 118, 118, 119, 118, 117, 119, 122, 124, 124, 125, 126, 127, 128, 128, 128, 127, 126, 126, 128, 130, 134, 139, 143, 145, 146, 147, 147, 147, 147, 148, 149, 150, 151, 154, 157, 160, 163, 165, 164, 161, 157, 153, 147, 141, 137, 138, 141, 140, 134, 127, 123, 122, 124, 125, 124, 121, 118, 118, 119, 118, 114, 109, 105, 102, 99, 97, 95, 95, 100, 108, 114, 114, 111, 109, 108, 107, 103, 98, 94, 93, 97, 103, 109, 112, 116, 122, 127, 128, 123, 116, 110, 104, 
  98, 93, 92, 98, 112, 130, 143, 147, 145, 143, 142, 141, 137, 132, 130, 133, 142, 154, 162, 164, 163, 161, 157, 151, 147, 149, 156, 164, 170, 173, 176, 180, 184, 187, 184, 175, 165, 159, 155, 149, 137, 124, 114, 109, 103, 86, 59, 37, 39, 63, 91, 107, 109, 110, 120, 132, 134, 123, 111, 110, 119, 127, 131, 134, 137, 135, 124, 104, 83, 70, 67, 71, 76, 79, 86, 100, 117, 129, 130, 124, 119, 120, 129, 142, 155, 165, 171, 170, 157, 135, 112, 96, 90, 89, 92, 98, 106, 116, 126, 132, 
  130, 122, 115, 114, 122, 137, 154, 167, 175, 178, 177, 172, 165, 159, 155, 152, 154, 161, 169, 173, 173, 171, 166, 158, 148, 139, 134, 130, 125, 118, 111, 106, 107, 115, 120, 111, 84, 56, 49, 70, 104, 126, 129, 126, 129, 134, 129, 116, 110, 113, 117, 119, 125, 140, 154, 151, 127, 96, 79, 80, 88, 91, 92, 98, 111, 125, 135, 137, 133, 126, 122, 122, 129, 142, 158, 165, 153, 126, 101, 93, 98, 104, 105, 104, 108, 116, 126, 132, 132, 125, 117, 115, 123, 139, 159, 171, 172, 166, 160, 158, 
  160, 161, 159, 156, 159, 168, 178, 183, 182, 177, 167, 155, 146, 143, 143, 139, 130, 119, 111, 109, 116, 124, 118, 90, 54, 40, 61, 99, 124, 126, 119, 119, 125, 127, 121, 115, 115, 119, 121, 127, 142, 158, 154, 125, 87, 65, 67, 80, 90, 95, 99, 106, 116, 124, 128, 126, 122, 118, 117, 125, 145, 166, 172, 152, 119, 95, 93, 106, 117, 118, 113, 112, 118, 128, 132, 128, 118, 111, 112, 125, 147, 169, 179, 174, 162, 155, 157, 162, 165, 165, 165, 168, 176, 186, 190, 184, 171, 157, 148, 145, 
  145, 142, 134, 121, 108, 103, 109, 115, 102, 67, 36, 39, 74, 113, 128, 122, 115, 117, 121, 121, 118, 119, 124, 126, 125, 130, 144, 155, 145, 115, 82, 66, 70, 82, 92, 99, 104, 108, 112, 116, 121, 124, 122, 119, 122, 135, 151, 158, 147, 124, 106, 103, 111, 120, 124, 122, 119, 120, 123, 124, 121, 118, 116, 118, 128, 145, 162, 171, 170, 163, 158, 159, 164, 169, 171, 171, 172, 175, 181, 186, 186, 177, 163, 149, 141, 136, 129, 120, 112, 110, 113, 116, 112, 95, 67, 48, 53, 78, 104, 119, 
  125, 128, 129, 126, 120, 116, 118, 121, 125, 133, 145, 150, 136, 107, 81, 70, 71, 76, 84, 96, 107, 112, 113, 116, 120, 120, 116, 117, 128, 143, 151, 147, 134, 122, 118, 121, 126, 126, 124, 120, 119, 121, 123, 123, 121, 120, 120, 124, 133, 146, 157, 160, 158, 157, 159, 161, 164, 168, 172, 174, 175, 178, 182, 184, 180, 171, 161, 151, 141, 131, 120, 110, 106, 109, 115, 114, 97, 70, 51, 54, 78, 104, 116, 117, 118, 123, 126, 123, 120, 122, 126, 127, 129, 137, 146, 143, 124, 99, 80, 74, 
  78, 88, 97, 103, 105, 107, 111, 114, 116, 116, 120, 127, 136, 139, 136, 134, 136, 139, 141, 140, 136, 131, 127, 125, 123, 122, 123, 126, 128, 130, 132, 136, 140, 142, 145, 150, 156, 161, 166, 171, 176, 179, 181, 183, 184, 183, 179, 172, 163, 151, 140, 132, 126, 120, 113, 108, 104, 97, 82, 63, 53, 63, 89, 111, 120, 121, 121, 122, 122, 123, 127, 133, 140, 147, 155, 157, 144, 116, 87, 74, 79, 89, 93, 90, 89, 92, 95, 96, 98, 103, 108, 113, 119, 126, 132, 136, 142, 149, 154, 152, 
  149, 145, 143, 138, 133, 128, 125, 125, 126, 125, 125, 126, 128, 131, 137, 144, 149, 152, 156, 163, 170, 175, 178, 180, 182, 183, 185, 184, 177, 162, 146, 135, 129, 126, 124, 123, 113, 88, 54, 34, 44, 75, 103, 110, 105, 104, 112, 119, 120, 121, 126, 133, 140, 149, 160, 164, 151, 122, 92, 78, 82, 92, 96, 94, 91, 89, 88, 87, 90, 95, 97, 95, 94, 103, 122, 143, 157, 159, 153, 148, 149, 153, 155, 151, 144, 139, 138, 138, 137, 132, 124, 117, 118, 129, 142, 148, 147, 146, 149, 157, 
  166, 174, 178, 179, 181, 184, 183, 177, 165, 154, 145, 142, 141, 141, 135, 119, 87, 51, 30, 38, 67, 95, 106, 101, 95, 97, 103, 106, 110, 120, 134, 148, 159, 168, 168, 153, 124, 96, 83, 87, 99, 107, 105, 95, 84, 78, 78, 81, 81, 77, 74, 80, 101, 130, 151, 155, 147, 142, 147, 159, 169, 170, 163, 155, 149, 147, 143, 136, 126, 115, 113, 122, 137, 146, 145, 141, 141, 148, 159, 170, 178, 180, 179, 179, 179, 177, 170, 162, 156, 154, 153, 150, 140, 117, 81, 44, 27, 42, 76, 101, 
  100, 86, 78, 82, 90, 99, 110, 126, 141, 153, 163, 170, 166, 145, 114, 94, 97, 114, 125, 121, 106, 90, 79, 74, 74, 75, 70, 64, 69, 90, 118, 135, 137, 132, 133, 144, 161, 175, 179, 172, 162, 156, 155, 153, 145, 133, 123, 122, 129, 137, 139, 133, 127, 129, 140, 155, 168, 174, 173, 170, 172, 179, 183, 180, 171, 163, 159, 157, 156, 152, 136, 102, 60, 35, 42, 73, 101, 105, 89, 71, 67, 76, 90, 103, 116, 130, 142, 152, 160, 159, 145, 123, 108, 112, 128, 138, 133, 116, 96, 82, 
  75, 72, 68, 61, 58, 67, 86, 107, 118, 119, 118, 124, 141, 162, 178, 182, 178, 170, 163, 157, 153, 148, 142, 136, 133, 134, 135, 132, 127, 124, 126, 133, 144, 155, 163, 165, 165, 166, 169, 170, 170, 169, 169, 167, 164, 158, 147, 127, 98, 70, 56, 63, 84, 99, 95, 78, 66, 64, 72, 85, 101, 117, 129, 136, 140, 141, 139, 131, 120, 115, 122, 134, 137, 126, 110, 96, 86, 75, 65, 62, 68, 79, 91, 101, 106, 108, 111, 121, 138, 157, 172, 180, 180, 175, 168, 160, 154, 151, 151, 152, 
  149, 143, 135, 130, 127, 128, 133, 141, 149, 154, 155, 155, 155, 156, 159, 163, 167, 169, 169, 167, 161, 153, 145, 133, 111, 84, 70, 80, 101, 111, 98, 76, 62, 64, 76, 91, 106, 118, 126, 129, 129, 130, 129, 125, 120, 121, 131, 142, 141, 127, 108, 91, 77, 66, 62, 70, 85, 95, 97, 94, 95, 102, 116, 131, 147, 161, 172, 176, 174, 169, 163, 157, 155, 157, 160, 158, 150, 139, 131, 129, 133, 140, 146, 149, 150, 150, 150, 151, 154, 158, 160, 161, 161, 161, 160, 156, 151, 142, 125, 101, 
  82, 80, 95, 110, 111, 96, 77, 67, 71, 83, 96, 107, 116, 122, 125, 128, 129, 126, 119, 116, 124, 137, 142, 134, 117, 100, 84, 70, 65, 74, 90, 99, 95, 87, 85, 94, 108, 124, 138, 151, 161, 168, 171, 170, 165, 159, 155, 156, 162, 165, 159, 146, 134, 131, 136, 143, 148, 150, 150, 149, 149, 152, 156, 157, 157, 159, 163, 165, 163, 158, 153, 146, 133, 113, 95, 89, 100, 111, 108, 91, 74, 67, 73, 85, 97, 105, 110, 113, 117, 122, 125, 124, 119, 117, 123, 134, 138, 129, 112, 93, 
  78, 70, 74, 87, 99, 99, 89, 82, 85, 98, 114, 129, 142, 152, 159, 163, 165, 164, 161, 158, 157, 160, 163, 161, 151, 139, 134, 140, 150, 154, 151, 146, 143, 143, 146, 151, 154, 155, 157, 159, 160, 159, 154, 150, 148, 145, 133, 114, 101, 103, 114, 117, 105, 85, 75, 77, 88, 97, 102, 106, 109, 111, 115, 120, 122, 119, 117, 121, 129, 132, 126, 111, 93, 78, 72, 79, 93, 101, 97, 85, 79, 85, 101, 118, 129, 136, 143, 151, 157, 160, 161, 160, 160, 162, 167, 169, 162, 150, 141, 142, 
  150, 155, 155, 150, 145, 142, 143, 149, 155, 157, 155, 151, 150, 149, 149, 147, 147, 149, 145, 131, 114, 106, 111, 119, 118, 105, 89, 81, 84, 92, 100, 105, 108, 111, 114, 117, 120, 122, 120, 116, 117, 126, 134, 130, 112, 89, 76, 81, 97, 109, 105, 89, 76, 77, 91, 108, 122, 130, 136, 142, 149, 154, 154, 152, 154, 163, 172, 173, 165, 152, 141, 137, 144, 156, 162, 157, 147, 141, 143, 148, 152, 155, 157, 155, 152, 149, 147, 143, 140, 141, 145, 142, 127, 109, 101, 107, 114, 109, 93, 80, 
  79, 88, 97, 102, 106, 110, 112, 114, 118, 122, 121, 116, 116, 124, 134, 132, 115, 91, 76, 81, 98, 111, 108, 94, 83, 84, 96, 111, 121, 126, 130, 138, 146, 151, 151, 148, 148, 154, 164, 171, 167, 154, 143, 141, 149, 158, 163, 160, 151, 143, 143, 150, 158, 160, 157, 154, 153, 151, 149, 146, 144, 143, 142, 136, 123, 105, 93, 94, 106, 114, 110, 95, 83, 83, 92, 102, 108, 111, 111, 111, 114, 116, 117, 114, 116, 124, 135, 134, 116, 90, 77, 84, 103, 115, 111, 97, 84, 84, 95, 110, 
  123, 128, 130, 134, 142, 149, 151, 148, 149, 156, 164, 166, 162, 155, 148, 146, 150, 158, 162, 157, 149, 145, 147, 151, 155, 157, 158, 156, 152, 148, 145, 142, 141, 145, 149, 144, 124, 100, 89, 99, 117, 121, 106, 84, 74, 79, 92, 103, 111, 114, 113, 111, 114, 119, 120, 116, 116, 125, 135, 132, 113, 90, 79, 86, 103, 115, 111, 95, 81, 82, 97, 114, 123, 125, 127, 132, 140, 146, 148, 147, 149, 157, 165, 167, 162, 153, 146, 145, 151, 160, 164, 159, 150, 145, 146, 150, 155, 159, 160, 158, 
  153, 148, 145, 142, 140, 141, 145, 144, 130, 106, 87, 88, 105, 118, 110, 89, 75, 78, 89, 98, 104, 109, 111, 110, 112, 116, 120, 119, 118, 123, 133, 133, 117, 94, 83, 92, 109, 116, 108, 94, 84, 84, 94, 110, 122, 125, 124, 127, 136, 144, 146, 145, 146, 153, 161, 164, 160, 152, 145, 143, 149, 159, 164, 160, 150, 142, 141, 146, 153, 159, 161, 158, 152, 146, 142, 139, 140, 144, 148, 147, 136, 115, 92, 81, 91, 112, 122, 110, 86, 71, 74, 89, 104, 111, 112, 110, 110, 112, 115, 115, 
  115, 119, 129, 137, 132, 113, 94, 91, 104, 119, 120, 107, 92, 87, 94, 107, 119, 125, 125, 126, 132, 142, 147, 145, 144, 149, 159, 165, 163, 156, 149, 146, 149, 157, 165, 165, 158, 149, 144, 146, 151, 157, 161, 161, 157, 151, 144, 140, 140, 143, 146, 145, 137, 121, 100, 84, 86, 101, 117, 118, 103, 83, 75, 82, 96, 107, 113, 114, 111, 108, 109, 114, 118, 119, 122, 131, 136, 126, 103, 85, 88, 105, 117, 113, 97, 85, 85, 96, 111, 123, 128, 128, 128, 131, 138, 143, 146, 149, 156, 164, 
  165, 158, 150, 147, 149, 154, 160, 163, 161, 153, 146, 144, 148, 154, 160, 163, 163, 159, 152, 145, 142, 144, 147, 149, 147, 138, 118, 92, 74, 79, 102, 123, 123, 103, 79, 69, 76, 93, 107, 113, 112, 108, 106, 109, 115, 118, 120, 124, 135, 141, 134, 116, 102, 101, 112, 122, 119, 105, 89, 84, 92, 108, 121, 126, 124, 123, 128, 135, 140, 142, 146, 154, 162, 163, 157, 149, 143, 145, 153, 161, 165, 162, 154, 146, 143, 146, 152, 156, 157, 158, 158, 156, 151, 145, 140, 140, 144, 149, 146, 129, 
  104, 85, 85, 103, 121, 121, 102, 79, 68, 74, 87, 100, 108, 111, 108, 104, 106, 113, 117, 117, 119, 128, 134, 126, 105, 89, 90, 105, 120, 124, 115, 99, 87, 87, 99, 115, 126, 128, 125, 124, 127, 133, 138, 142, 148, 154, 159, 157, 152, 145, 143, 148, 157, 163, 163, 158, 150, 145, 145, 150, 156, 158, 158, 158, 158, 154, 149, 145, 143, 142, 143, 146, 146, 137, 116, 95, 88, 101, 121, 127, 110, 82, 65, 68, 85, 102, 111, 112, 107, 102, 104, 109, 115, 119, 122, 128, 136, 137, 125, 103, 
  89, 94, 112, 127, 126, 109, 89, 80, 89, 108, 125, 130, 127, 124, 125, 129, 134, 140, 147, 153, 156, 157, 156, 150, 143, 140, 146, 158, 167, 165, 155, 145, 143, 149, 156, 160, 160, 158, 156, 154, 152, 150, 148, 146, 146, 147, 145, 139, 128, 110, 90, 80, 86, 102, 110, 100, 80, 67, 71, 87, 103, 110, 110, 106, 102, 101, 107, 116, 120, 122, 125, 131, 134, 128, 112, 95, 90, 102, 120, 128, 119, 99, 83, 83, 98, 118, 131, 132, 126, 122, 123, 129, 138, 146, 150, 152, 153, 154, 151, 145, 
  141, 143, 150, 158, 161, 158, 150, 143, 143, 150, 158, 162, 160, 155, 150, 149, 153, 157, 157, 152, 145, 141, 140, 139, 134, 122, 104, 87, 85, 100, 116, 115, 96, 74, 66, 75, 93, 108, 113, 108, 99, 96, 101, 113, 122, 125, 126, 128, 133, 135, 129, 116, 104, 98, 103, 114, 125, 122, 106, 88, 81, 92, 111, 126, 129, 126, 121, 122, 129, 138, 145, 149, 149, 149, 150, 151, 149, 143, 140, 143, 151, 157, 157, 152, 144, 139, 142, 151, 159, 160, 154, 148, 146, 150, 156, 161, 161, 155, 147, 140, 
  137, 138, 139, 133, 115, 94, 87, 99, 115, 114, 94, 72, 66, 76, 91, 102, 105, 101, 95, 95, 104, 117, 125, 123, 119, 122, 132, 139, 137, 129, 123, 119, 114, 108, 108, 112, 114, 110, 101, 95, 95, 102, 112, 121, 126, 127, 127, 128, 134, 141, 145, 146, 147, 150, 151, 148, 144, 142, 143, 145, 147, 149, 150, 147, 141, 137, 138, 143, 149, 153, 152, 148, 146, 149, 154, 158, 160, 159, 154, 146, 138, 134, 134, 134, 127, 112, 95, 87, 93, 104, 104, 91, 77, 73, 80, 93, 102, 104, 101, 98, 
  100, 107, 118, 125, 125, 122, 123, 131, 137, 136, 129, 124, 123, 125, 123, 115, 104, 97, 100, 109, 116, 113, 105, 100, 105, 116, 129, 136, 137, 134, 131, 134, 140, 146, 147, 144, 141, 142, 145, 144, 141, 138, 137, 139, 145, 149, 150, 146, 143, 144, 148, 151, 152, 152, 151, 150, 149, 151, 154, 156, 157, 155, 150, 142, 135, 132, 131, 124, 111, 98, 95, 102, 111, 110, 96, 79, 71, 77, 91, 101, 104, 101, 97, 97, 104, 114, 122, 124, 125, 129, 135, 139, 139, 136, 132, 129, 130, 135, 139, 135, 
  119, 98, 86, 91, 108, 122, 121, 107, 94, 93, 104, 119, 131, 136, 135, 132, 133, 139, 145, 144, 140, 139, 144, 151, 153, 149, 140, 132, 131, 137, 148, 154, 153, 143, 134, 132, 138, 146, 151, 153, 151, 148, 147, 149, 152, 153, 153, 156, 160, 158, 147, 133, 122, 114, 108, 102, 99, 101, 105, 103, 91, 76, 68, 70, 79, 90, 103, 110, 109, 102, 100, 105, 115, 126, 133, 138, 141, 142, 140, 136, 133, 134, 136, 138, 138, 135, 127, 115, 107, 105, 104, 100, 96, 97, 103, 109, 110, 107, 104, 105, 
  112, 124, 136, 142, 142, 138, 136, 137, 142, 148, 150, 148, 145, 143, 142, 141, 138, 136, 135, 137, 140, 143, 142, 139, 138, 140, 144, 147, 149, 150, 149, 146, 146, 150, 156, 159, 159, 157, 155, 154, 151, 145, 135, 127, 119, 112, 102, 94, 91, 96, 98, 93, 82, 72, 70, 74, 82, 91, 102, 110, 112, 110, 111, 119, 128, 134, 139, 146, 151, 150, 146, 142, 140, 137, 135, 135, 136, 133, 124, 115, 109, 106, 105, 106, 108, 109, 105, 98, 92, 93, 101, 111, 119, 123, 125, 126, 127, 129, 135, 142, 
  147, 149, 150, 152, 151, 146, 140, 136, 136, 137, 138, 138, 136, 131, 127, 126, 129, 133, 136, 138, 139, 139, 139, 140, 142, 144, 146, 150, 153, 155, 156, 155, 154, 154, 155, 155, 155, 156, 155, 147, 133, 119, 109, 100, 89, 78, 75, 83, 96, 101, 92, 74, 62, 63, 77, 96, 114, 124, 123, 118, 119, 128, 140, 147, 151, 156, 162, 164, 159, 149, 138, 129, 125, 127, 130, 129, 120, 107, 94, 86, 85, 90, 96, 100, 102, 103, 105, 108, 111, 115, 118, 122, 127, 134, 140, 144, 146, 145, 142, 139, 
  139, 142, 145, 143, 138, 133, 130, 128, 127, 126, 124, 121, 119, 121, 125, 127, 128, 127, 128, 130, 134, 138, 141, 141, 141, 143, 147, 150, 152, 154, 154, 153, 152, 152, 152, 151, 149, 148, 148, 147, 147, 148, 148, 145, 140, 136, 131, 125, 118, 111, 103, 92, 80, 76, 83, 98, 110, 110, 98, 83, 79, 89, 108, 124, 131, 131, 130, 131, 135, 139, 138, 134, 134, 139, 146, 147, 139, 126, 112, 102, 101, 105, 109, 109, 104, 97, 92, 93, 96, 100, 104, 110, 118, 126, 134, 140, 142, 139, 136, 139, 
  147, 156, 161, 160, 151, 137, 124, 118, 119, 119, 115, 108, 102, 102, 105, 108, 108, 105, 105, 110, 120, 132, 142, 147, 147, 144, 144, 149, 155, 157, 154, 150, 147, 144, 143, 140, 135, 131, 128, 127, 129, 131, 131, 127, 123, 122, 126, 132, 138, 140, 139, 136, 136, 139, 144, 148, 150, 152, 154, 156, 159, 162, 161, 156, 149, 142, 136, 130, 125, 117, 101, 81, 68, 70, 83, 93, 92, 81, 70, 67, 75, 90, 104, 113, 119, 125, 134, 144, 150, 149, 144, 139, 141, 148, 155, 154, 145, 130, 116, 107, 
  104, 104, 103, 99, 94, 92, 92, 92, 93, 95, 97, 99, 106, 119, 134, 143, 146, 143, 141, 145, 152, 158, 161, 161, 158, 152, 147, 143, 137, 128, 118, 111, 107, 103, 97, 91, 89, 91, 96, 101, 104, 106, 110, 119, 132, 143, 151, 155, 156, 156, 157, 159, 160, 157, 152, 147, 142, 137, 133, 128, 123, 117, 112, 111, 113, 117, 120, 120, 119, 121, 125, 129, 132, 136, 140, 143, 145, 148, 152, 153, 152, 150, 149, 149, 151, 153, 154, 152, 149, 147, 147, 147, 146, 144, 140, 134, 128, 124, 121, 116, 
  106, 94, 87, 86, 84, 75, 64, 63, 77, 96, 105, 106, 105, 106, 108, 112, 122, 136, 147, 151, 150, 150, 152, 150, 142, 131, 122, 118, 117, 117, 117, 113, 103, 90, 83, 84, 88, 92, 96, 102, 110, 118, 125, 132, 138, 141, 143, 147, 153, 159, 163, 165, 162, 155, 147, 142, 138, 133, 126, 120, 113, 109, 107, 105, 103, 101, 98, 97, 101, 109, 117, 120, 119, 120, 127, 137, 147, 152, 152, 149, 148, 148, 146, 141, 135, 132, 128, 124, 120, 118, 117, 116, 113, 110, 109, 112, 117, 120, 123, 126, 
  130, 133, 136, 139, 141, 142, 143, 144, 145, 145, 146, 146, 144, 140, 137, 136, 136, 135, 134, 135, 136, 136, 135, 136, 136, 135, 133, 133, 134, 136, 139, 143, 145, 145, 144, 145, 147, 147, 144, 141, 136, 129, 122, 117, 113, 108, 102, 101, 104, 107, 99, 83, 69, 70, 83, 97, 103, 105, 109, 115, 120, 124, 126, 127, 127, 130, 137, 147, 156, 157, 146, 129, 115, 110, 112, 112, 108, 102, 99, 101, 106, 109, 107, 102, 98, 100, 107, 119, 133, 145, 149, 147, 146, 150, 156, 157, 152, 145, 141, 141, 
  143, 143, 140, 132, 122, 113, 106, 103, 104, 106, 107, 108, 111, 118, 126, 129, 129, 129, 130, 133, 138, 144, 149, 152, 151, 148, 144, 139, 133, 125, 115, 105, 102, 107, 115, 119, 119, 116, 115, 116, 119, 122, 125, 127, 131, 136, 142, 149, 153, 152, 146, 140, 136, 135, 136, 137, 136, 133, 132, 132, 134, 133, 131, 126, 122, 121, 125, 130, 135, 138, 138, 137, 138, 140, 142, 141, 138, 136, 136, 136, 138, 140, 142, 141, 140, 139, 137, 134, 132, 131, 130, 129, 131, 134, 135, 129, 117, 106, 100, 98, 
  97, 96, 94, 95, 102, 110, 112, 105, 94, 89, 91, 97, 104, 112, 120, 127, 132, 135, 137, 137, 134, 128, 120, 115, 116, 121, 124, 122, 118, 116, 115, 112, 108, 105, 103, 101, 102, 108, 117, 126, 132, 135, 136, 137, 138, 139, 138, 136, 135, 137, 139, 141, 141, 140, 136, 129, 121, 117, 115, 113, 112, 110, 111, 115, 120, 124, 126, 128, 129, 129, 130, 134, 138, 140, 141, 142, 144, 144, 142, 140, 137, 133, 128, 124, 122, 119, 116, 112, 110, 109, 111, 114, 116, 118, 120, 124, 129, 134, 138, 142, 
  144, 145, 145, 146, 147, 146, 144, 141, 138, 135, 133, 131, 129, 126, 123, 123, 123, 123, 123, 124, 125, 125, 126, 129, 132, 135, 137, 137, 136, 137, 138, 138, 138, 137, 136, 135, 134, 134, 134, 132, 130, 129, 128, 127, 127, 128, 128, 127, 126, 127, 128, 129, 129, 129, 128, 128, 131, 135, 137, 136, 133, 132, 130, 127, 123, 120, 116, 111, 107, 104, 102, 98, 93, 89, 86, 87, 92, 101, 108, 111, 113, 117, 123, 129, 133, 134, 133, 131, 132, 135, 138, 138, 135, 131, 126, 121, 117, 114, 111, 106, 
  102, 101, 104, 108, 112, 115, 118, 120, 123, 128, 133, 136, 138, 139, 140, 141, 143, 145, 144, 140, 135, 131, 128, 125, 122, 119, 116, 112, 111, 113, 116, 118, 119, 121, 124, 126, 128, 132, 137, 139, 140, 142, 143, 146, 146, 146, 144, 140, 137, 133, 131, 127, 123, 119, 117, 116, 117, 118, 119, 119, 120, 122, 124, 126, 127, 129, 130, 132, 134, 136, 137, 135, 134, 134, 134, 132, 130, 130, 131, 131, 131, 132, 132, 131, 130, 130, 129, 130, 130, 129, 128, 129, 130, 131, 131, 132, 133, 133, 132, 132, 
  132, 131, 129, 129, 129, 128, 127, 127, 127, 127, 128, 129, 130, 130, 130, 130, 130, 128, 126, 125, 124, 123, 122, 123, 125, 126, 127, 129, 130, 130, 129, 128, 126, 124, 123, 124, 125, 124, 123, 124, 125, 125, 125, 124, 123, 121, 119, 119, 120, 121, 122, 124, 126, 127, 128, 130, 131, 129, 125, 123, 122, 121, 120, 119, 117, 115, 113, 113, 112, 108, 102, 97, 95, 96, 100, 106, 113, 119, 124, 130, 136, 141, 143, 143, 140, 135, 131, 130, 130, 129, 126, 124, 123, 122, 121, 120, 118, 114, 110, 107, 
  106, 108, 112, 118, 124, 128, 133, 139, 144, 147, 147, 146, 144, 140, 138, 135, 132, 130, 128, 125, 123, 122, 122, 121, 119, 117, 115, 113, 114, 117, 121, 124, 127, 131, 136, 140, 143, 145, 145, 143, 141, 139, 137, 134, 132, 130, 128, 124, 122, 122, 122, 120, 119, 117, 116, 118, 120, 122, 124, 127, 129, 130, 130, 132, 136, 140, 142, 142, 140, 136, 133, 133, 133, 132, 130, 128, 126, 124, 124, 125, 127, 127, 125, 123, 123, 124, 126, 128, 128, 127, 126, 128, 130, 131, 131, 131, 129, 127, 126, 127, 
  128, 126, 124, 123, 123, 123, 124, 126, 127, 126, 125, 125, 126, 127, 127, 128, 129, 129, 129, 129, 130, 130, 130, 130, 129, 128, 128, 128, 128, 127, 126, 127, 128, 129, 129, 130, 129, 127, 125, 124, 124, 124, 124, 126, 127, 127, 128, 130, 131, 131, 130, 129, 128, 125, 123, 122, 121, 121, 120, 121, 122, 123, 122, 120, 116, 111, 103, 95, 91, 93, 98, 103, 108, 116, 126, 135, 141, 146, 148, 146, 141, 135, 130, 126, 123, 121, 118, 116, 116, 119, 122, 122, 120, 118, 116, 113, 110, 110, 111, 113, 
  115, 119, 125, 132, 140, 147, 150, 150, 148, 146, 143, 138, 132, 126, 121, 116, 113, 113, 115, 117, 118, 120, 121, 124, 126, 127, 126, 126, 126, 127, 129, 133, 137, 139, 140, 142, 144, 144, 143, 141, 137, 131, 125, 120, 117, 115, 113, 113, 114, 116, 119, 123, 128, 131, 133, 134, 135, 135, 135, 135, 135, 134, 134, 134, 134, 134, 134, 133, 129, 124, 121, 122, 124, 122, 120, 117, 117, 120, 124, 127, 130, 132, 133, 134, 135, 137, 138, 137, 134, 131, 129, 127, 126, 127, 127, 126, 124, 124, 125, 126, 
  126, 126, 125, 123, 122, 123, 125, 126, 126, 126, 125, 125, 127, 131, 133, 132, 130, 129, 129, 129, 128, 127, 125, 123, 122, 122, 124, 126, 127, 128, 128, 127, 127, 128, 129, 128, 126, 125, 125, 125, 125, 126, 127, 126, 125, 125, 125, 125, 125, 125, 124, 122, 122, 123, 125, 125, 125, 126, 126, 125, 125, 126, 127, 127, 126, 126, 126, 126, 126, 126, 125, 123, 122, 122, 122, 122, 122, 123, 124, 123, 122, 123, 125, 126, 126, 127, 128, 128, 128, 128, 128, 126, 124, 123, 122, 120, 118, 116, 114, 111, 
  109, 109, 110, 111, 113, 116, 120, 124, 128, 132, 136, 138, 138, 138, 137, 135, 132, 130, 129, 127, 124, 123, 122, 122, 122, 123, 122, 120, 119, 120, 120, 121, 122, 124, 125, 127, 130, 133, 136, 137, 139, 139, 139, 139, 138, 135, 132, 130, 127, 124, 121, 120, 120, 119, 119, 120, 121, 122, 124, 127, 129, 130, 130, 131, 132, 132, 133, 134, 135, 134, 133, 133, 134, 133, 131, 130, 128, 125, 122, 120, 119, 117, 117, 117, 118, 119, 121, 123, 127, 131, 135, 137, 137, 138, 139, 139, 137, 135, 133, 130, 
  127, 126, 126, 125, 125, 125, 125, 124, 124, 125, 126, 125, 124, 124, 124, 124, 125, 127, 128, 128, 129, 131, 133, 134, 134, 134, 133, 131, 129, 127, 126, 124, 122, 121, 122, 123, 124, 126, 127, 127, 127, 128, 129, 129, 128, 127, 126, 125, 125, 125, 125, 125, 125, 126, 127, 127, 127, 128, 129, 128, 126, 125, 125, 124, 124, 124, 124, 122, 121, 122, 123, 123, 122, 122, 123, 123, 124, 125, 126, 125, 124, 125, 127, 127, 126, 125, 125, 124, 123, 123, 124, 123, 122, 121, 121, 121, 121, 121, 122, 122, 
  123, 124, 125, 125, 126, 127, 127, 126, 125, 125, 125, 125, 125, 126, 126, 125, 124, 125, 126, 127, 127, 127, 127, 126, 125, 125, 125, 124, 123, 124, 124, 123, 122, 122, 121, 119, 118, 119, 121, 122, 122, 124, 126, 129, 133, 135, 137, 138, 137, 134, 132, 131, 129, 126, 124, 123, 123, 123, 124, 126, 128, 127, 127, 128, 130, 130, 129, 129, 128, 126, 124, 123, 124, 124, 125, 126, 128, 129, 129, 130, 132, 133, 132, 131, 130, 129, 128, 128, 127, 126, 125, 125, 125, 125, 126, 127, 128, 128, 128, 129, 
  129, 129, 129, 129, 129, 128, 128, 129, 130, 130, 131, 132, 133, 132, 131, 131, 131, 129, 127, 126, 125, 124, 124, 124, 124, 125, 126, 127, 128, 129, 130, 129, 129, 130, 131, 130, 129, 129, 129, 129, 129, 130, 130, 130, 130, 131, 130, 128, 126, 126, 126, 124, 122, 121, 121, 121, 120, 120, 119, 117, 115, 112, 110, 109, 110, 112, 114, 115, 117, 122, 128, 133, 136, 139, 141, 141, 139, 138, 136, 133, 128, 124, 120, 117, 115, 115, 115, 115, 115, 117, 119, 120, 122, 125, 127, 127, 127, 128, 130, 131, 
  131, 132, 133, 133, 133, 133, 134, 134, 133, 132, 130, 127, 124, 121, 119, 117, 116, 116, 116, 116, 118, 121, 124, 126, 128, 131, 134, 135, 136, 137, 137, 135, 133, 132, 132, 131, 129, 128, 126, 124, 123, 123, 124, 123, 122, 122, 122, 122, 122, 123, 124, 124, 124, 126, 128, 130, 131, 132, 133, 134, 134, 134, 134, 133, 131, 130, 128, 126, 124, 123, 122, 121, 120, 121, 122, 122, 123, 124, 125, 124, 124, 125, 126, 126, 127, 129, 130, 130, 130, 131, 132, 132, 132, 132, 131, 129, 126, 125, 124, 123, 
  121, 120, 119, 120, 120, 122, 123, 125, 126, 126, 126, 127, 129, 129, 129, 129, 129, 128, 127, 128, 128, 129, 129, 129, 129, 129, 129, 129, 129, 127, 127, 126, 125, 124, 124, 124, 124, 123, 123, 123, 124, 125, 125, 126, 126, 127, 128, 128, 129, 129, 130, 130, 130, 129, 129, 128, 128, 127, 127, 126, 125, 124, 124, 123, 123, 121, 120, 121, 122, 122, 122, 123, 125, 126, 126, 127, 129, 129, 129, 129, 129, 129, 128, 127, 126, 125, 124, 124, 123, 122, 121, 122, 123, 123, 123, 124, 125, 125, 124, 125, 
  126, 126, 126, 126, 126, 126, 126, 126, 126, 126, 127, 128, 128, 127, 127, 127, 127, 126, 125, 124, 124, 123, 123, 123, 123, 123, 123, 124, 126, 127, 128, 129, 130, 130, 130, 130, 130, 128, 127, 127, 127, 126, 125, 125, 125, 124, 124, 125, 126, 126, 126, 126, 127, 127, 127, 127, 128, 128, 128, 127, 126, 127, 128, 128, 127, 127, 127, 126, 126, 127, 128, 127, 126, 126, 126, 126, 126, 127, 128, 128, 128, 128, 128, 128, 129, 130, 130, 129, 128, 128, 128, 128, 128, 127, 125, 124, 124, 125, 126, 126, 
  127, 129, 130, 130, 130, 132, 133, 132, 131, 130, 128, 128, 128, 127, 126, 125, 125, 125, 125, 125, 126, 126, 127, 128, 129, 129, 129, 130, 130, 130, 130, 130, 130, 129, 128, 128, 128, 127, 125, 125, 125, 125, 125, 125, 125, 125, 125, 126, 127, 127, 127, 128, 129, 129, 129, 130, 131, 131, 131, 132, 133, 132, 131, 129, 126, 120, 114, 110, 108, 106, 103, 102, 102, 104, 107, 112, 118, 124, 131, 137, 141, 143, 147, 149, 149, 146, 142, 137, 132, 126, 122, 118, 115, 112, 111, 110, 110, 112, 114, 118, 
  120, 122, 123, 125, 126, 128, 130, 130, 130, 131, 131, 132, 132, 134, 135, 135, 135, 134, 132, 131, 129, 127, 125, 122, 119, 116, 114, 115, 116, 116, 116, 118, 120, 122, 126, 129, 133, 135, 137, 139, 140, 140, 139, 138, 137, 134, 131, 128, 125, 124, 121, 120, 119, 118, 119, 119, 120, 120, 122, 123, 124, 126, 128, 129, 129, 130, 132, 132, 132, 132, 131, 129, 128, 128, 128, 127, 126, 126, 126, 126, 126, 127, 128, 127, 127, 126, 126, 125, 124, 124, 124, 123, 122, 121, 121, 123, 125, 126, 129, 131, 
  134, 135, 136, 138, 138, 138, 136, 134, 133, 130, 127, 124, 120, 118, 116, 115, 114, 114, 114, 116, 118, 120, 122, 125, 127, 130, 131, 132, 132, 133, 133, 132, 130, 129, 129, 127, 126, 124, 123, 122, 122, 122, 121, 121, 120, 121, 121, 122, 122, 123, 123, 124, 124, 124, 124, 125, 127, 127, 126, 127, 128, 128, 128, 128, 128, 127, 125, 125, 125, 124, 123, 122, 122, 121, 121, 122, 123, 124, 124, 125, 126, 126, 126, 127, 128, 128, 129, 128, 127, 126, 127, 127, 127, 127, 127, 126, 125, 126, 127, 127, 
  126, 126, 126, 125, 125, 126, 127, 127, 126, 126, 126, 126, 126, 126, 127, 127, 127, 127, 127, 127, 127, 128, 129, 129, 129, 129, 128, 127, 127, 127, 126, 125, 124, 125, 125, 125, 125, 126, 127, 127, 127, 128, 129, 129, 129, 129, 129, 128, 127, 128, 129, 128, 127, 128, 129, 129, 128, 129, 129, 130, 131, 130, 129, 129, 129, 128, 127, 127, 126, 125, 124, 125, 126, 125, 124, 125, 126, 127, 127, 128, 129, 130, 130, 131, 131, 131, 131, 131, 130, 128, 127, 127, 127, 126, 125, 126, 126, 125, 125, 126, 
  127, 127, 127, 128, 130, 130, 130, 130, 130, 129, 128, 128, 128, 127, 126, 125, 125, 125, 125, 125, 125, 125, 125, 126, 127, 127, 127, 127, 127, 127, 127, 127, 127, 126, 125, 125, 126, 126, 126, 127, 128, 128, 128, 129, 130, 129, 127, 125, 124, 122, 120, 118, 117, 116, 115, 116, 117, 118, 119, 122, 125, 127, 130, 133, 135, 135, 135, 136, 136, 134, 132, 130, 129, 126, 123, 121, 121, 120, 118, 117, 118, 119, 120, 121, 122, 123, 125, 127, 128, 128, 129, 130, 130, 129, 128, 128, 128, 127, 126, 127,